{
 "cells": [
  {
   "cell_type": "code",
   "execution_count": 81,
   "id": "centered-tension",
   "metadata": {
    "scrolled": true
   },
   "outputs": [
    {
     "name": "stdout",
     "output_type": "stream",
     "text": [
      "Correlation(WinRatio,GoalDifferential)\n",
      "\n",
      "1970: 0.923 (new min) (new max)\n",
      "1971: 0.886 (new min)\n",
      "1972: 0.931 (new max)\n",
      "1973: 0.952 (new max)\n",
      "1974: 0.941\n",
      "1975: 0.959 (new max)\n",
      "1976: 0.922\n",
      "1977: 0.92\n",
      "1978: 0.855 (new min)\n",
      "1979: 0.913\n",
      "1980: 0.935\n",
      "1981: 0.842 (new min)\n",
      "1982: 0.866\n",
      "1983: 0.886\n",
      "1984: 0.961 (new max)\n",
      "1985: 0.917\n",
      "1986: 0.901\n",
      "1987: 0.905\n",
      "1988: 0.915\n",
      "1989: 0.883\n",
      "1990: 0.897\n",
      "1991: 0.914\n",
      "1992: 0.944\n",
      "1993: 0.851\n",
      "1994: 0.895\n",
      "1995: 0.879\n",
      "1996: 0.905\n",
      "1997: 0.929\n",
      "1998: 0.952\n",
      "1999: 0.893\n",
      "2000: 0.933\n",
      "2001: 0.929\n",
      "2002: 0.915\n",
      "2003: 0.904\n",
      "2004: 0.881\n",
      "2005: 0.947\n",
      "2006: 0.902\n",
      "2007: 0.94\n",
      "2008: 0.909\n",
      "2009: 0.928\n",
      "2010: 0.906\n",
      "2011: 0.921\n",
      "2012: 0.917\n",
      "2013: 0.945\n",
      "2014: 0.949\n",
      "2015: 0.938\n",
      "2016: 0.862\n",
      "2017: 0.909\n",
      "2018: 0.937\n",
      "2019: 0.874\n",
      "2020: 0.916\n",
      "MIN:1981 (0.842)\n",
      "MAX:1984 (0.961)\n",
      "AVG:0.912\n"
     ]
    }
   ],
   "source": [
    "from sportsipy.nfl.teams import Teams\n",
    "from scipy.stats import pearsonr\n",
    "import pandas as pd\n",
    "\n",
    "print('Correlation(WinRatio,GoalDifferential)\\n')\n",
    "\n",
    "maxCorr= -1.1\n",
    "minCorr= 1.1\n",
    "minYear = 2021\n",
    "maxYear = 2021\n",
    "corrList = []\n",
    "for year in range(1970, 2021):\n",
    "    teams = list(Teams(year))\n",
    "    statd = {}\n",
    "    for i,team in enumerate(teams[0:len(teams)]):\n",
    "        statd[i] = {'Team' : team.name,\n",
    "                    'W' : team.wins,\n",
    "                    'L' : team.losses,\n",
    "                    'GP' : team.games_played,\n",
    "                    'WinPct' : round(100*team.wins/team.games_played,4),\n",
    "                    'LosPct' : round(100*team.losses/team.games_played,3),\n",
    "                    'GF' : team.points_for,\n",
    "                    'GA' : team.points_against,\n",
    "                    'GD' : team.points_for-team.points_against,\n",
    "                    'GD_per' : round((team.points_for-team.points_against)/team.games_played,2)}\n",
    "\n",
    "    df = pd.DataFrame(statd)\n",
    "    df = df.transpose()\n",
    "    \n",
    "    corr, _ = pearsonr(df['GD'].tolist(), df['WinPct'].tolist())\n",
    "    corrList.append(corr)\n",
    "    \n",
    "    if maxCorr < minCorr:\n",
    "        minCorr = corr\n",
    "        maxCorr = corr\n",
    "        minYear = year\n",
    "        maxYear = year\n",
    "        print('%s: %s (new min) (new max)' % (year,round(corr,3)))\n",
    "    elif corr < minCorr:\n",
    "        minCorr= corr\n",
    "        minYear = year\n",
    "        print('%s: %s (new min)' % (year,round(corr,3)))\n",
    "    elif corr > maxCorr:\n",
    "        maxCorr= corr\n",
    "        maxYear = year\n",
    "        print('%s: %s (new max)' % (year,round(corr,3)))\n",
    "    else: \n",
    "        print('%s: %s' % (year,round(corr,3)))\n",
    "        \n",
    "print('MIN:%s (%s)' % (minYear,round(minCorr,3)))\n",
    "print('MAX:%s (%s)' % (maxYear,round(maxCorr,3)))\n",
    "print('AVG:%s' % (round(sum(corrList)/len(corrList),3)))"
   ]
  },
  {
   "cell_type": "code",
   "execution_count": 75,
   "id": "muslim-context",
   "metadata": {},
   "outputs": [
    {
     "data": {
      "text/plain": [
       "'\\n1970-2021\\nMIN:1981 (0.842)\\nMAX:1984 (0.961)\\nAVG:0.912\\n'"
      ]
     },
     "execution_count": 75,
     "metadata": {},
     "output_type": "execute_result"
    }
   ],
   "source": [
    "'''\n",
    "1970-2021\n",
    "MIN:1981 (0.842)\n",
    "MAX:1984 (0.961)\n",
    "AVG:0.912\n",
    "'''"
   ]
  },
  {
   "cell_type": "code",
   "execution_count": 90,
   "id": "controversial-terrain",
   "metadata": {},
   "outputs": [
    {
     "name": "stdout",
     "output_type": "stream",
     "text": [
      "1984 Luckiest,Median,Unluckiest Teams:\n",
      "               Team  W  L   G   GF   GA  GD WinPct LosPct GD_per  Iwin  Igd  Delta  Idel WINvs50\n",
      "    New York Giants  9  7  16  299  301  -2  56.25  43.75  -0.12     8   14      6     0    6.25\n",
      " Cincinnati Bengals  8  8  16  339  339   0     50     50      0    13   12     -1    19       0\n",
      "  Green Bay Packers  8  8  16  390  309  81     50     50   5.06    13    6     -7    27       0\n"
     ]
    }
   ],
   "source": [
    "year=1984\n",
    "teams = list(Teams(year))\n",
    "statd = {}\n",
    "    \n",
    "for i,team in enumerate(teams[0:len(teams)]):\n",
    "    statd[i] = {'Team' : team.name,\n",
    "                'W' : team.wins,\n",
    "                'L' : team.losses,\n",
    "                'G' : team.games_played,\n",
    "                'WinPct' : round(100*team.wins/team.games_played,3),\n",
    "                'LosPct' : round(100*team.losses/team.games_played,3),\n",
    "                'GF' : team.points_for,\n",
    "                'GA' : team.points_against,\n",
    "                'GD' : team.points_for-team.points_against,\n",
    "                'GD_per' : round((team.points_for-team.points_against)/team.games_played,2)}\n",
    "\n",
    "df = pd.DataFrame(statd)\n",
    "df = df.transpose()\n",
    "\n",
    "x = list(df['LosPct'])\n",
    "seq = sorted(x,reverse=False)\n",
    "index = [seq.index(v) for v in x]\n",
    "df['Iwin'] =  index\n",
    "\n",
    "x = list(df['GD'])\n",
    "seq = sorted(x,reverse=True)\n",
    "index = [seq.index(v) for v in x]\n",
    "df['Igd'] =  index\n",
    "\n",
    "df['Delta'] = df['Igd']-df['Iwin']\n",
    "x = list(df['Delta'])\n",
    "seq = sorted(x,reverse=True)\n",
    "index = [seq.index(v) for v in x]\n",
    "df['Idel'] =  index\n",
    "\n",
    "df = df[['Team','W','L','G','GF','GA','GD','WinPct','LosPct','GD_per','Iwin','Igd','Delta','Idel']]\n",
    "df['WINvs50'] = df['WinPct']-50\n",
    "df_mdian = df.loc[abs(df['GD']) == min(abs((df['GD'])))]\n",
    "df_mdian = df_mdian[abs(df_mdian['WINvs50']) == min(abs(df_mdian['WINvs50']))]\n",
    "df_lucky = df[df['Delta'] == max(df['Delta'])].head(1)\n",
    "df_nluck = df[df['Delta'] == min(df['Delta'])].head(1)\n",
    "print('%s Luckiest,Median,Unluckiest Teams:' % year)\n",
    "df_ext = pd.concat([df_lucky,pd.concat([df_mdian,df_nluck],sort=False)],sort=False)\n",
    "print(df_ext.to_string(index=False))"
   ]
  },
  {
   "cell_type": "code",
   "execution_count": null,
   "id": "competent-utilization",
   "metadata": {},
   "outputs": [],
   "source": [
    "'''\n",
    "1981 Luckiest,Median,Unluckiest Teams: (most anomolous)\n",
    "                Team   W  L   G   GF   GA  GD WinPct LosPct GD_per  Iwin  Igd  Delta  Idel WINvs50\n",
    "      Denver Broncos  10  6  16  321  289  32   62.5   37.5      2     5   14      9     0    12.5\n",
    " Washington Redskins   8  8  16  347  349  -2     50     50  -0.12    12   15      3     8       0\n",
    "     Atlanta Falcons   7  9  16  426  355  71  43.75  56.25   4.44    16    6    -10    27   -6.25\n",
    "    \n",
    "1984 Luckiest,Median,Unluckiest Teams: (most predictable)\n",
    "                Team   W  L   G   GF   GA  GD WinPct LosPct GD_per  Iwin  Igd  Delta  Idel WINvs50\n",
    "     New York Giants   9  7  16  299  301  -2  56.25  43.75  -0.12     8   14      6     0    6.25\n",
    "  Cincinnati Bengals   8  8  16  339  339   0     50     50      0    13   12     -1    19       0\n",
    "   Green Bay Packers   8  8  16  390  309  81     50     50   5.06    13    6     -7    27       0\n",
    "'''"
   ]
  },
  {
   "cell_type": "code",
   "execution_count": 89,
   "id": "incorporate-phoenix",
   "metadata": {},
   "outputs": [
    {
     "name": "stdout",
     "output_type": "stream",
     "text": [
      "1984 NFL Season - Ranked by [Iwin] -> Ratio(Games Won:Total Games) [WinPct] \n",
      "\n",
      "                 Team   W   L   G   GF   GA    GD WinPct LosPct GD_per  Iwin  Igd  Delta  Idel\n",
      "  San Francisco 49ers  15   1  16  475  227   248  93.75   6.25   15.5     0    0      0    14\n",
      "       Miami Dolphins  14   2  16  513  298   215   87.5   12.5  13.44     1    1      0    14\n",
      "       Denver Broncos  13   3  16  353  241   112  81.25  18.75      7     2    4      2     5\n",
      "     Seattle Seahawks  12   4  16  418  282   136     75     25    8.5     3    2     -1    19\n",
      "  Washington Redskins  11   5  16  426  310   116  68.75  31.25   7.25     4    3     -1    19\n",
      "  Los Angeles Raiders  11   5  16  368  278    90  68.75  31.25   5.62     4    5      1    11\n",
      "     Los Angeles Rams  10   6  16  346  316    30   62.5   37.5   1.88     6   10      4     2\n",
      "        Chicago Bears  10   6  16  325  248    77   62.5   37.5   4.81     6    8      2     5\n",
      "  St. Louis Cardinals   9   7  16  423  345    78  56.25  43.75   4.88     8    7     -1    19\n",
      "  Pittsburgh Steelers   9   7  16  387  310    77  56.25  43.75   4.81     8    8      0    14\n",
      " New England Patriots   9   7  16  362  352    10  56.25  43.75   0.62     8   11      3     4\n",
      "       Dallas Cowboys   9   7  16  308  308     0  56.25  43.75      0     8   12      4     2\n",
      "      New York Giants   9   7  16  299  301    -2  56.25  43.75  -0.12     8   14      6     0\n",
      "    Green Bay Packers   8   8  16  390  309    81     50     50   5.06    13    6     -7    27\n",
      "   Cincinnati Bengals   8   8  16  339  339     0     50     50      0    13   12     -1    19\n",
      "   Kansas City Chiefs   8   8  16  314  324   -10     50     50  -0.62    13   15      2     5\n",
      "   San Diego Chargers   7   9  16  394  413   -19  43.75  56.25  -1.19    16   16      0    14\n",
      "        New York Jets   7   9  16  332  364   -32  43.75  56.25     -2    16   17      1    11\n",
      "   New Orleans Saints   7   9  16  298  361   -63  43.75  56.25  -3.94    16   21      5     1\n",
      "  Philadelphia Eagles   6   9  16  278  320   -42   37.5  56.25  -2.62    16   18      2     5\n",
      " Tampa Bay Buccaneers   6  10  16  335  380   -45   37.5   62.5  -2.81    20   19     -1    19\n",
      "     Cleveland Browns   5  11  16  250  297   -47  31.25  68.75  -2.94    21   20     -1    19\n",
      "        Detroit Lions   4  11  16  283  408  -125     25  68.75  -7.81    21   23      2     5\n",
      "      Atlanta Falcons   4  12  16  281  382  -101     25     75  -6.31    23   22     -1    19\n",
      "   Indianapolis Colts   4  12  16  239  414  -175     25     75 -10.94    23   24      1    11\n",
      "    Minnesota Vikings   3  13  16  276  484  -208  18.75  81.25    -13    25   27      2     5\n",
      "       Houston Oilers   3  13  16  240  437  -197  18.75  81.25 -12.31    25   25      0    14\n",
      "        Buffalo Bills   2  14  16  250  454  -204   12.5   87.5 -12.75    27   26     -1    19\n",
      "\n",
      "1984 NFL Season - Ranked by [Igd] -> Goal Differential [GD] \n",
      "\n",
      "                 Team   W   L   G   GF   GA    GD WinPct LosPct GD_per  Iwin  Igd  Delta  Idel\n",
      "  San Francisco 49ers  15   1  16  475  227   248  93.75   6.25   15.5     0    0      0    14\n",
      "       Miami Dolphins  14   2  16  513  298   215   87.5   12.5  13.44     1    1      0    14\n",
      "     Seattle Seahawks  12   4  16  418  282   136     75     25    8.5     3    2     -1    19\n",
      "  Washington Redskins  11   5  16  426  310   116  68.75  31.25   7.25     4    3     -1    19\n",
      "       Denver Broncos  13   3  16  353  241   112  81.25  18.75      7     2    4      2     5\n",
      "  Los Angeles Raiders  11   5  16  368  278    90  68.75  31.25   5.62     4    5      1    11\n",
      "    Green Bay Packers   8   8  16  390  309    81     50     50   5.06    13    6     -7    27\n",
      "  St. Louis Cardinals   9   7  16  423  345    78  56.25  43.75   4.88     8    7     -1    19\n",
      "        Chicago Bears  10   6  16  325  248    77   62.5   37.5   4.81     6    8      2     5\n",
      "  Pittsburgh Steelers   9   7  16  387  310    77  56.25  43.75   4.81     8    8      0    14\n",
      "     Los Angeles Rams  10   6  16  346  316    30   62.5   37.5   1.88     6   10      4     2\n",
      " New England Patriots   9   7  16  362  352    10  56.25  43.75   0.62     8   11      3     4\n",
      "   Cincinnati Bengals   8   8  16  339  339     0     50     50      0    13   12     -1    19\n",
      "       Dallas Cowboys   9   7  16  308  308     0  56.25  43.75      0     8   12      4     2\n",
      "      New York Giants   9   7  16  299  301    -2  56.25  43.75  -0.12     8   14      6     0\n",
      "   Kansas City Chiefs   8   8  16  314  324   -10     50     50  -0.62    13   15      2     5\n",
      "   San Diego Chargers   7   9  16  394  413   -19  43.75  56.25  -1.19    16   16      0    14\n",
      "        New York Jets   7   9  16  332  364   -32  43.75  56.25     -2    16   17      1    11\n",
      "  Philadelphia Eagles   6   9  16  278  320   -42   37.5  56.25  -2.62    16   18      2     5\n",
      " Tampa Bay Buccaneers   6  10  16  335  380   -45   37.5   62.5  -2.81    20   19     -1    19\n",
      "     Cleveland Browns   5  11  16  250  297   -47  31.25  68.75  -2.94    21   20     -1    19\n",
      "   New Orleans Saints   7   9  16  298  361   -63  43.75  56.25  -3.94    16   21      5     1\n",
      "      Atlanta Falcons   4  12  16  281  382  -101     25     75  -6.31    23   22     -1    19\n",
      "        Detroit Lions   4  11  16  283  408  -125     25  68.75  -7.81    21   23      2     5\n",
      "   Indianapolis Colts   4  12  16  239  414  -175     25     75 -10.94    23   24      1    11\n",
      "       Houston Oilers   3  13  16  240  437  -197  18.75  81.25 -12.31    25   25      0    14\n",
      "        Buffalo Bills   2  14  16  250  454  -204   12.5   87.5 -12.75    27   26     -1    19\n",
      "    Minnesota Vikings   3  13  16  276  484  -208  18.75  81.25    -13    25   27      2     5\n",
      "\n",
      "1984 NFL Season - Ranked by luck [Idel] -> Iwin-Igd (Delta) \n",
      "\n",
      "                 Team   W   L   G   GF   GA    GD WinPct LosPct GD_per  Iwin  Igd  Delta  Idel\n",
      "      New York Giants   9   7  16  299  301    -2  56.25  43.75  -0.12     8   14      6     0\n",
      "   New Orleans Saints   7   9  16  298  361   -63  43.75  56.25  -3.94    16   21      5     1\n",
      "       Dallas Cowboys   9   7  16  308  308     0  56.25  43.75      0     8   12      4     2\n",
      "     Los Angeles Rams  10   6  16  346  316    30   62.5   37.5   1.88     6   10      4     2\n",
      " New England Patriots   9   7  16  362  352    10  56.25  43.75   0.62     8   11      3     4\n",
      "        Detroit Lions   4  11  16  283  408  -125     25  68.75  -7.81    21   23      2     5\n",
      "  Philadelphia Eagles   6   9  16  278  320   -42   37.5  56.25  -2.62    16   18      2     5\n",
      "   Kansas City Chiefs   8   8  16  314  324   -10     50     50  -0.62    13   15      2     5\n",
      "    Minnesota Vikings   3  13  16  276  484  -208  18.75  81.25    -13    25   27      2     5\n",
      "        Chicago Bears  10   6  16  325  248    77   62.5   37.5   4.81     6    8      2     5\n",
      "       Denver Broncos  13   3  16  353  241   112  81.25  18.75      7     2    4      2     5\n",
      "   Indianapolis Colts   4  12  16  239  414  -175     25     75 -10.94    23   24      1    11\n",
      "  Los Angeles Raiders  11   5  16  368  278    90  68.75  31.25   5.62     4    5      1    11\n",
      "        New York Jets   7   9  16  332  364   -32  43.75  56.25     -2    16   17      1    11\n",
      "  Pittsburgh Steelers   9   7  16  387  310    77  56.25  43.75   4.81     8    8      0    14\n",
      "       Houston Oilers   3  13  16  240  437  -197  18.75  81.25 -12.31    25   25      0    14\n",
      "       Miami Dolphins  14   2  16  513  298   215   87.5   12.5  13.44     1    1      0    14\n",
      "  San Francisco 49ers  15   1  16  475  227   248  93.75   6.25   15.5     0    0      0    14\n",
      "   San Diego Chargers   7   9  16  394  413   -19  43.75  56.25  -1.19    16   16      0    14\n",
      "        Buffalo Bills   2  14  16  250  454  -204   12.5   87.5 -12.75    27   26     -1    19\n",
      " Tampa Bay Buccaneers   6  10  16  335  380   -45   37.5   62.5  -2.81    20   19     -1    19\n",
      "     Cleveland Browns   5  11  16  250  297   -47  31.25  68.75  -2.94    21   20     -1    19\n",
      "     Seattle Seahawks  12   4  16  418  282   136     75     25    8.5     3    2     -1    19\n",
      "      Atlanta Falcons   4  12  16  281  382  -101     25     75  -6.31    23   22     -1    19\n",
      "   Cincinnati Bengals   8   8  16  339  339     0     50     50      0    13   12     -1    19\n",
      "  St. Louis Cardinals   9   7  16  423  345    78  56.25  43.75   4.88     8    7     -1    19\n",
      "  Washington Redskins  11   5  16  426  310   116  68.75  31.25   7.25     4    3     -1    19\n",
      "    Green Bay Packers   8   8  16  390  309    81     50     50   5.06    13    6     -7    27\n"
     ]
    }
   ],
   "source": [
    "from sportsipy.nfl.teams import Teams\n",
    "from scipy.stats import pearsonr\n",
    "import pandas as pd\n",
    "    \n",
    "year=1984\n",
    "teams = list(Teams(year))\n",
    "statd = {}\n",
    "    \n",
    "for i,team in enumerate(teams[0:len(teams)]):\n",
    "    statd[i] = {'Team' : team.name,\n",
    "                'W' : team.wins,\n",
    "                'L' : team.losses,\n",
    "                'G' : team.games_played,\n",
    "                'WinPct' : round(100*team.wins/team.games_played,3),\n",
    "                'LosPct' : round(100*team.losses/team.games_played,3),\n",
    "                'GF' : team.points_for,\n",
    "                'GA' : team.points_against,\n",
    "                'GD' : team.points_for-team.points_against,\n",
    "                'GD_per' : round((team.points_for-team.points_against)/team.games_played,2)}\n",
    "\n",
    "df = pd.DataFrame(statd)\n",
    "df = df.transpose()\n",
    "\n",
    "'''\n",
    "df_wl = df[['WinPct','LosPct']]\n",
    "l = df_wl.values.tolist()\n",
    "print(l)\n",
    "seq = sorted(l, key=lambda x: (float(x[1]), (-float(x[0]))))\n",
    "print(seq)\n",
    "index = [seq.index(v) for v in l]\n",
    "print(index)\n",
    "df['Iwin'] =  index\n",
    "'''\n",
    "\n",
    "x = list(df['LosPct'])\n",
    "seq = sorted(x,reverse=False)\n",
    "index = [seq.index(v) for v in x]\n",
    "df['Iwin'] =  index\n",
    "\n",
    "x = list(df['GD'])\n",
    "seq = sorted(x,reverse=True)\n",
    "index = [seq.index(v) for v in x]\n",
    "df['Igd'] =  index\n",
    "\n",
    "df['Delta'] = df['Igd']-df['Iwin']\n",
    "x = list(df['Delta'])\n",
    "seq = sorted(x,reverse=True)\n",
    "index = [seq.index(v) for v in x]\n",
    "df['Idel'] =  index\n",
    "\n",
    "df = df[['Team','W','L','G','GF','GA','GD','WinPct','LosPct','GD_per','Iwin','Igd','Delta','Idel']]\n",
    "df = df.sort_values(['WinPct','LosPct'],ascending = (False,True))\n",
    "print('%s NFL Season - Ranked by [Iwin] -> Ratio(Games Won:Total Games) [WinPct] \\n' % year)\n",
    "print(df.to_string(index=False))\n",
    "\n",
    "df = df[['Team','W','L','G','GF','GA','GD','WinPct','LosPct','GD_per','Iwin','Igd','Delta','Idel']]\n",
    "df = df.sort_values('GD',ascending=False)\n",
    "print('\\n%s NFL Season - Ranked by [Igd] -> Goal Differential [GD] \\n' % year)\n",
    "print(df.to_string(index=False))\n",
    "\n",
    "df = df[['Team','W','L','G','GF','GA','GD','WinPct','LosPct','GD_per','Iwin','Igd','Delta','Idel']]\n",
    "df = df.sort_values('Idel',ascending=True)\n",
    "print('\\n%s NFL Season - Ranked by luck [Idel] -> Iwin-Igd (Delta) \\n' % year)\n",
    "print(df.to_string(index=False))"
   ]
  },
  {
   "cell_type": "code",
   "execution_count": 91,
   "id": "sitting-circumstances",
   "metadata": {},
   "outputs": [
    {
     "name": "stdout",
     "output_type": "stream",
     "text": [
      "1981 NFL Season - Ranked by [Iwin] -> Ratio(Games Won:Total Games) [WinPct] \n",
      "\n",
      "                 Team   W   L   G   GF   GA    GD WinPct LosPct GD_per  Iwin  Igd  Delta  Idel WINvs50\n",
      "  San Francisco 49ers  13   3  16  357  250   107  81.25  18.75   6.69     0    2      2    10   31.25\n",
      "   Cincinnati Bengals  12   4  16  421  304   117     75     25   7.31     1    1      0    19      25\n",
      "       Dallas Cowboys  12   4  16  367  277    90     75     25   5.62     1    3      2    10      25\n",
      "       Miami Dolphins  11   4  16  345  275    70  68.75     25   4.38     1    7      6     4   18.75\n",
      "   San Diego Chargers  10   6  16  478  390    88   62.5   37.5    5.5     5    4     -1    20    12.5\n",
      "        Buffalo Bills  10   6  16  311  276    35   62.5   37.5   2.19     5   13      8     1    12.5\n",
      "  Philadelphia Eagles  10   6  16  368  221   147   62.5   37.5   9.19     5    0     -5    24    12.5\n",
      "        New York Jets  10   5  16  355  287    68   62.5  31.25   4.25     4    8      4     6    12.5\n",
      "       Denver Broncos  10   6  16  321  289    32   62.5   37.5      2     5   14      9     0    12.5\n",
      " Tampa Bay Buccaneers   9   7  16  315  268    47  56.25  43.75   2.94     9   11      2    10    6.25\n",
      "   Kansas City Chiefs   9   7  16  343  290    53  56.25  43.75   3.31     9   10      1    13    6.25\n",
      "      New York Giants   9   7  16  295  257    38  56.25  43.75   2.38     9   12      3     8    6.25\n",
      "    Green Bay Packers   8   8  16  324  361   -37     50     50  -2.31    12   16      4     6       0\n",
      "  Washington Redskins   8   8  16  347  349    -2     50     50  -0.12    12   15      3     8       0\n",
      "  Pittsburgh Steelers   8   8  16  356  297    59     50     50   3.69    12    9     -3    22       0\n",
      "        Detroit Lions   8   8  16  397  322    75     50     50   4.69    12    5     -7    25       0\n",
      "       Houston Oilers   7   9  16  281  355   -74  43.75  56.25  -4.62    16   23      7     3   -6.25\n",
      "    Minnesota Vikings   7   9  16  325  369   -44  43.75  56.25  -2.75    16   17      1    13   -6.25\n",
      "      Atlanta Falcons   7   9  16  426  355    71  43.75  56.25   4.44    16    6    -10    27   -6.25\n",
      "  St. Louis Cardinals   7   9  16  315  408   -93  43.75  56.25  -5.81    16   24      8     1   -6.25\n",
      "      Oakland Raiders   7   9  16  273  343   -70  43.75  56.25  -4.38    16   21      5     5   -6.25\n",
      "        Chicago Bears   6  10  16  253  324   -71   37.5   62.5  -4.44    21   22      1    13   -12.5\n",
      "     Seattle Seahawks   6  10  16  322  388   -66   37.5   62.5  -4.12    21   20     -1    20   -12.5\n",
      "     Los Angeles Rams   6  10  16  303  351   -48   37.5   62.5     -3    21   18     -3    22   -12.5\n",
      "     Cleveland Browns   5  11  16  276  375   -99  31.25  68.75  -6.19    24   25      1    13  -18.75\n",
      "   New Orleans Saints   4  12  16  207  378  -171     25     75 -10.69    25   26      1    13     -25\n",
      "      Baltimore Colts   2  14  16  259  533  -274   12.5   87.5 -17.12    26   27      1    13   -37.5\n",
      " New England Patriots   2  14  16  322  370   -48   12.5   87.5     -3    26   18     -8    26   -37.5\n",
      "\n",
      "1981 NFL Season - Ranked by [Igd] -> Goal Differential [GD] \n",
      "\n",
      "                 Team   W   L   G   GF   GA    GD WinPct LosPct GD_per  Iwin  Igd  Delta  Idel WINvs50\n",
      "  Philadelphia Eagles  10   6  16  368  221   147   62.5   37.5   9.19     5    0     -5    24    12.5\n",
      "   Cincinnati Bengals  12   4  16  421  304   117     75     25   7.31     1    1      0    19      25\n",
      "  San Francisco 49ers  13   3  16  357  250   107  81.25  18.75   6.69     0    2      2    10   31.25\n",
      "       Dallas Cowboys  12   4  16  367  277    90     75     25   5.62     1    3      2    10      25\n",
      "   San Diego Chargers  10   6  16  478  390    88   62.5   37.5    5.5     5    4     -1    20    12.5\n",
      "        Detroit Lions   8   8  16  397  322    75     50     50   4.69    12    5     -7    25       0\n",
      "      Atlanta Falcons   7   9  16  426  355    71  43.75  56.25   4.44    16    6    -10    27   -6.25\n",
      "       Miami Dolphins  11   4  16  345  275    70  68.75     25   4.38     1    7      6     4   18.75\n",
      "        New York Jets  10   5  16  355  287    68   62.5  31.25   4.25     4    8      4     6    12.5\n",
      "  Pittsburgh Steelers   8   8  16  356  297    59     50     50   3.69    12    9     -3    22       0\n",
      "   Kansas City Chiefs   9   7  16  343  290    53  56.25  43.75   3.31     9   10      1    13    6.25\n",
      " Tampa Bay Buccaneers   9   7  16  315  268    47  56.25  43.75   2.94     9   11      2    10    6.25\n",
      "      New York Giants   9   7  16  295  257    38  56.25  43.75   2.38     9   12      3     8    6.25\n",
      "        Buffalo Bills  10   6  16  311  276    35   62.5   37.5   2.19     5   13      8     1    12.5\n",
      "       Denver Broncos  10   6  16  321  289    32   62.5   37.5      2     5   14      9     0    12.5\n",
      "  Washington Redskins   8   8  16  347  349    -2     50     50  -0.12    12   15      3     8       0\n",
      "    Green Bay Packers   8   8  16  324  361   -37     50     50  -2.31    12   16      4     6       0\n",
      "    Minnesota Vikings   7   9  16  325  369   -44  43.75  56.25  -2.75    16   17      1    13   -6.25\n",
      "     Los Angeles Rams   6  10  16  303  351   -48   37.5   62.5     -3    21   18     -3    22   -12.5\n",
      " New England Patriots   2  14  16  322  370   -48   12.5   87.5     -3    26   18     -8    26   -37.5\n",
      "     Seattle Seahawks   6  10  16  322  388   -66   37.5   62.5  -4.12    21   20     -1    20   -12.5\n",
      "      Oakland Raiders   7   9  16  273  343   -70  43.75  56.25  -4.38    16   21      5     5   -6.25\n",
      "        Chicago Bears   6  10  16  253  324   -71   37.5   62.5  -4.44    21   22      1    13   -12.5\n",
      "       Houston Oilers   7   9  16  281  355   -74  43.75  56.25  -4.62    16   23      7     3   -6.25\n",
      "  St. Louis Cardinals   7   9  16  315  408   -93  43.75  56.25  -5.81    16   24      8     1   -6.25\n",
      "     Cleveland Browns   5  11  16  276  375   -99  31.25  68.75  -6.19    24   25      1    13  -18.75\n",
      "   New Orleans Saints   4  12  16  207  378  -171     25     75 -10.69    25   26      1    13     -25\n",
      "      Baltimore Colts   2  14  16  259  533  -274   12.5   87.5 -17.12    26   27      1    13   -37.5\n",
      "\n",
      "1981 NFL Season - Ranked by luck [Idel] -> Iwin-Igd (Delta) \n",
      "\n",
      "                 Team   W   L   G   GF   GA    GD WinPct LosPct GD_per  Iwin  Igd  Delta  Idel WINvs50\n",
      "       Denver Broncos  10   6  16  321  289    32   62.5   37.5      2     5   14      9     0    12.5\n",
      "        Buffalo Bills  10   6  16  311  276    35   62.5   37.5   2.19     5   13      8     1    12.5\n",
      "  St. Louis Cardinals   7   9  16  315  408   -93  43.75  56.25  -5.81    16   24      8     1   -6.25\n",
      "       Houston Oilers   7   9  16  281  355   -74  43.75  56.25  -4.62    16   23      7     3   -6.25\n",
      "       Miami Dolphins  11   4  16  345  275    70  68.75     25   4.38     1    7      6     4   18.75\n",
      "      Oakland Raiders   7   9  16  273  343   -70  43.75  56.25  -4.38    16   21      5     5   -6.25\n",
      "        New York Jets  10   5  16  355  287    68   62.5  31.25   4.25     4    8      4     6    12.5\n",
      "    Green Bay Packers   8   8  16  324  361   -37     50     50  -2.31    12   16      4     6       0\n",
      "      New York Giants   9   7  16  295  257    38  56.25  43.75   2.38     9   12      3     8    6.25\n",
      "  Washington Redskins   8   8  16  347  349    -2     50     50  -0.12    12   15      3     8       0\n",
      "  San Francisco 49ers  13   3  16  357  250   107  81.25  18.75   6.69     0    2      2    10   31.25\n",
      "       Dallas Cowboys  12   4  16  367  277    90     75     25   5.62     1    3      2    10      25\n",
      " Tampa Bay Buccaneers   9   7  16  315  268    47  56.25  43.75   2.94     9   11      2    10    6.25\n",
      "     Cleveland Browns   5  11  16  276  375   -99  31.25  68.75  -6.19    24   25      1    13  -18.75\n",
      "        Chicago Bears   6  10  16  253  324   -71   37.5   62.5  -4.44    21   22      1    13   -12.5\n",
      "    Minnesota Vikings   7   9  16  325  369   -44  43.75  56.25  -2.75    16   17      1    13   -6.25\n",
      "      Baltimore Colts   2  14  16  259  533  -274   12.5   87.5 -17.12    26   27      1    13   -37.5\n",
      "   Kansas City Chiefs   9   7  16  343  290    53  56.25  43.75   3.31     9   10      1    13    6.25\n",
      "   New Orleans Saints   4  12  16  207  378  -171     25     75 -10.69    25   26      1    13     -25\n",
      "   Cincinnati Bengals  12   4  16  421  304   117     75     25   7.31     1    1      0    19      25\n",
      "     Seattle Seahawks   6  10  16  322  388   -66   37.5   62.5  -4.12    21   20     -1    20   -12.5\n",
      "   San Diego Chargers  10   6  16  478  390    88   62.5   37.5    5.5     5    4     -1    20    12.5\n",
      "     Los Angeles Rams   6  10  16  303  351   -48   37.5   62.5     -3    21   18     -3    22   -12.5\n",
      "  Pittsburgh Steelers   8   8  16  356  297    59     50     50   3.69    12    9     -3    22       0\n",
      "  Philadelphia Eagles  10   6  16  368  221   147   62.5   37.5   9.19     5    0     -5    24    12.5\n",
      "        Detroit Lions   8   8  16  397  322    75     50     50   4.69    12    5     -7    25       0\n",
      " New England Patriots   2  14  16  322  370   -48   12.5   87.5     -3    26   18     -8    26   -37.5\n",
      "      Atlanta Falcons   7   9  16  426  355    71  43.75  56.25   4.44    16    6    -10    27   -6.25\n"
     ]
    }
   ],
   "source": [
    "year=1981\n",
    "teams = list(Teams(year))\n",
    "statd = {}\n",
    "    \n",
    "for i,team in enumerate(teams[0:len(teams)]):\n",
    "    statd[i] = {'Team' : team.name,\n",
    "                'W' : team.wins,\n",
    "                'L' : team.losses,\n",
    "                'G' : team.games_played,\n",
    "                'WinPct' : round(100*team.wins/team.games_played,3),\n",
    "                'LosPct' : round(100*team.losses/team.games_played,3),\n",
    "                'GF' : team.points_for,\n",
    "                'GA' : team.points_against,\n",
    "                'GD' : team.points_for-team.points_against,\n",
    "                'GD_per' : round((team.points_for-team.points_against)/team.games_played,2)}\n",
    "\n",
    "df = pd.DataFrame(statd)\n",
    "df = df.transpose()\n",
    "\n",
    "x = list(df['LosPct'])\n",
    "seq = sorted(x,reverse=False)\n",
    "index = [seq.index(v) for v in x]\n",
    "df['Iwin'] =  index\n",
    "\n",
    "x = list(df['GD'])\n",
    "seq = sorted(x,reverse=True)\n",
    "index = [seq.index(v) for v in x]\n",
    "df['Igd'] =  index\n",
    "\n",
    "df['Delta'] = df['Igd']-df['Iwin']\n",
    "x = list(df['Delta'])\n",
    "seq = sorted(x,reverse=True)\n",
    "index = [seq.index(v) for v in x]\n",
    "df['Idel'] =  index\n",
    "\n",
    "df['WINvs50'] = df['WinPct']-50.0\n",
    "df = df[['Team','W','L','G','GF','GA','GD','WinPct','LosPct','GD_per','Iwin','Igd','Delta','Idel','WINvs50']]\n",
    "\n",
    "df = df.sort_values(['WinPct'],ascending = (False))\n",
    "print('%s NFL Season - Ranked by [Iwin] -> Ratio(Games Won:Total Games) [WinPct] \\n' % year)\n",
    "print(df.to_string(index=False))\n",
    "\n",
    "df = df.sort_values('GD',ascending=False)\n",
    "print('\\n%s NFL Season - Ranked by [Igd] -> Goal Differential [GD] \\n' % year)\n",
    "print(df.to_string(index=False))\n",
    "\n",
    "df = df.sort_values('Idel',ascending=True)\n",
    "print('\\n%s NFL Season - Ranked by luck [Idel] -> Iwin-Igd (Delta) \\n' % year)\n",
    "print(df.to_string(index=False))"
   ]
  }
 ],
 "metadata": {
  "kernelspec": {
   "display_name": "Python 3",
   "language": "python",
   "name": "python3"
  },
  "language_info": {
   "codemirror_mode": {
    "name": "ipython",
    "version": 3
   },
   "file_extension": ".py",
   "mimetype": "text/x-python",
   "name": "python",
   "nbconvert_exporter": "python",
   "pygments_lexer": "ipython3",
   "version": "3.8.3"
  }
 },
 "nbformat": 4,
 "nbformat_minor": 5
}
