{
 "cells": [
  {
   "cell_type": "code",
   "execution_count": null,
   "id": "valid-logistics",
   "metadata": {},
   "outputs": [
    {
     "name": "stdout",
     "output_type": "stream",
     "text": [
      "Correlation(WinRatio,GoalDifferential)\n",
      "\n",
      "1970: 0.92 (new min) (new max)\n",
      "1971: 0.979 (new max)\n",
      "1972: 0.976\n",
      "1973: 0.983 (new max)\n",
      "1974: 0.953\n",
      "1975: 0.944\n",
      "1976: 0.94\n",
      "1977: 0.875 (new min)\n",
      "1978: 0.956\n",
      "1979: 0.909\n",
      "1980: 0.965\n",
      "1981: 0.986 (new max)\n",
      "1982: 0.986\n"
     ]
    }
   ],
   "source": [
    "from sportsipy.nba.teams import Teams\n",
    "from sportsipy.nba.schedule import Schedule\n",
    "from scipy.stats import pearsonr\n",
    "import pandas as pd\n",
    "\n",
    "print('Correlation(WinRatio,GoalDifferential)\\n')\n",
    "\n",
    "maxCorr= -1.1\n",
    "minCorr= 1.1\n",
    "minYear = 2021\n",
    "maxYear = 2021\n",
    "corrList = []\n",
    "\n",
    "for year in range(1970, 2021):\n",
    "    teams = list(Teams(year))\n",
    "    statd = {}\n",
    "    for i,team in enumerate(teams[0:len(teams)]):\n",
    "        df = team.schedule.dataframe\n",
    "        df = df[df['playoffs'] == False]\n",
    "        W = max(df['wins'])\n",
    "        L = max(df['losses'])\n",
    "        G = max(df['game'])\n",
    "        GF = sum(df['points_scored'])\n",
    "        GA = sum(df['points_allowed'])\n",
    "        statd[i] = {'Team' : team.name,\n",
    "            'W' : W,\n",
    "            'L' : L,\n",
    "            'G' : G,\n",
    "            'WinPct' : round(100*W/G,3),\n",
    "            'GF' : GF,\n",
    "            'GA' : GA,\n",
    "            'GD' : GF-GA,\n",
    "            'GD_per' : (GF-GA)/G}\n",
    "\n",
    "    df = pd.DataFrame(statd)\n",
    "    df = df.transpose()\n",
    "    \n",
    "    x = list(df['WinPct'])\n",
    "    seq = sorted(x,reverse=True)\n",
    "    index = [seq.index(v) for v in x]\n",
    "    df['Iwin'] =  index\n",
    "  \n",
    "    x = list(df['GD'])\n",
    "    seq = sorted(x,reverse=True)\n",
    "    index = [seq.index(v) for v in x]\n",
    "    df['Igd'] =  index\n",
    "    \n",
    "    corr, _ = pearsonr(df['GD'].tolist(), df['WinPct'].tolist())\n",
    "    corrList.append(corr)\n",
    "    \n",
    "    if maxCorr < minCorr:\n",
    "        minCorr = corr\n",
    "        maxCorr = corr\n",
    "        minYear = year\n",
    "        maxYear = year\n",
    "        print('%s: %s (new min) (new max)' % (year,round(corr,3)))\n",
    "    elif corr < minCorr:\n",
    "        minCorr= corr\n",
    "        minYear = year\n",
    "        print('%s: %s (new min)' % (year,round(corr,3)))\n",
    "    elif corr > maxCorr:\n",
    "        maxCorr= corr\n",
    "        maxYear = year\n",
    "        print('%s: %s (new max)' % (year,round(corr,3)))\n",
    "    else: \n",
    "        print('%s: %s' % (year,round(corr,3)))\n",
    "        \n",
    "print('MIN:%s (%s)' % (minYear,round(minCorr,3)))\n",
    "print('MAX:%s (%s)' % (maxYear,round(maxCorr,3)))\n",
    "print('AVG:%s' % (round(sum(corrList)/len(corrList),3)))"
   ]
  },
  {
   "cell_type": "code",
   "execution_count": 45,
   "id": "above-breeding",
   "metadata": {},
   "outputs": [
    {
     "data": {
      "text/plain": [
       "0.96532"
      ]
     },
     "execution_count": 45,
     "metadata": {},
     "output_type": "execute_result"
    }
   ],
   "source": [
    "'''\n",
    "1970-2020\n",
    "MIN:1977 (0.875)\n",
    "MAX:2009 (0.991)\n",
    "AVG:0.965\n",
    "'''\n",
    "(1/50)*((42*.969)+(8*.946))"
   ]
  },
  {
   "cell_type": "code",
   "execution_count": 55,
   "id": "departmental-antibody",
   "metadata": {},
   "outputs": [
    {
     "name": "stdout",
     "output_type": "stream",
     "text": [
      "2009 Luckiest,Median,Unluckiest Teams:\n",
      "               Team   W   L   G    GF    GA   GD  WinPct GD_per  Iwin  Igd  Delta  Idel WINvs50\n",
      "     Denver Nuggets  54  28  82  8555  8275  280  65.854   3.41     4    7      3     0  15.854\n",
      " Philadelphia 76ers  41  41  82  7987  7981    6      50   0.07    14   14      0    11       0\n",
      "    Houston Rockets  53  29  82  8070  7742  328  64.634      4     7    5     -2    26  14.634\n"
     ]
    }
   ],
   "source": [
    "year=2009\n",
    "teams = list(Teams(year))\n",
    "statd = {}\n",
    "    \n",
    "for i,team in enumerate(teams[0:len(teams)]):\n",
    "    df = team.schedule.dataframe\n",
    "    df = df[df['playoffs'] == False]\n",
    "    W = max(df['wins'])\n",
    "    L = max(df['losses'])\n",
    "    G = max(df['game'])\n",
    "    GF = sum(df['points_scored'])\n",
    "    GA = sum(df['points_allowed'])\n",
    "    statd[i] = {'Team' : team.name,\n",
    "        'W' : W,\n",
    "        'L' : L,\n",
    "        'G' : G,\n",
    "        'WinPct' : round(100*W/G,3),\n",
    "        'GF' : GF,\n",
    "        'GA' : GA,\n",
    "        'GD' : GF-GA,\n",
    "        'GD_per' : round((GF-GA)/G,2)}\n",
    "\n",
    "df = pd.DataFrame(statd)\n",
    "df = df.transpose()\n",
    "\n",
    "x = list(df['WinPct'])\n",
    "seq = sorted(x,reverse=True)\n",
    "index = [seq.index(v) for v in x]\n",
    "df['Iwin'] =  index\n",
    "\n",
    "x = list(df['GD'])\n",
    "seq = sorted(x,reverse=True)\n",
    "index = [seq.index(v) for v in x]\n",
    "df['Igd'] =  index\n",
    "\n",
    "df['Delta'] = df['Igd']-df['Iwin']\n",
    "x = list(df['Delta'])\n",
    "seq = sorted(x,reverse=True)\n",
    "index = [seq.index(v) for v in x]\n",
    "df['Idel'] =  index\n",
    "\n",
    "df['WINvs50'] = df['WinPct']-50.0\n",
    "df = df[['Team','W','L','G','GF','GA','GD','WinPct','GD_per','Iwin','Igd','Delta','Idel','WINvs50']]\n",
    "\n",
    "df = df.sort_values('W',ascending=False)\n",
    "df_mdian = df.loc[abs(df['GD']) == min(abs((df['GD'])))]\n",
    "df_mdian = df_mdian[abs(df_mdian['WINvs50']) == min(abs(df_mdian['WINvs50']))]\n",
    "df_lucky = df[df['Delta'] == max(df['Delta'])].head(1)\n",
    "df_nluck = df[df['Delta'] == min(df['Delta'])].head(1)\n",
    "print('%s Luckiest,Median,Unluckiest Teams:' % year)\n",
    "df_ext = pd.concat([df_lucky,pd.concat([df_mdian,df_nluck],sort=False)],sort=False)\n",
    "print(df_ext.to_string(index=False))"
   ]
  },
  {
   "cell_type": "code",
   "execution_count": null,
   "id": "pharmaceutical-principal",
   "metadata": {},
   "outputs": [],
   "source": [
    "1977 Luckiest,Median,Unluckiest Teams: (most anomolous)\n",
    "            Team   W   L   G    GF    GA    GD  WinPct GD_per  Iwin  Igd  Delta  Idel WINvs50\n",
    "  Boston Celtics  44  38  82  8572  8734  -162  53.659  -1.98     7   16      9     0   3.659\n",
    " New York Knicks  40  42  82  8905  8906    -1   48.78  -0.01    12   12      0    12   -1.22\n",
    "    Phoenix Suns  34  48  82  8603  8543    60  41.463   0.73    17   10     -7    21  -8.537\n",
    "\n",
    "2009 Luckiest,Median,Unluckiest Teams: (most predictable)\n",
    "               Team   W   L   G    GF    GA   GD  WinPct GD_per  Iwin  Igd  Delta  Idel WINvs50\n",
    "     Denver Nuggets  54  28  82  8555  8275  280  65.854   3.41     4    7      3     0  15.854\n",
    " Philadelphia 76ers  41  41  82  7987  7981    6      50   0.07    14   14      0    11       0\n",
    "    Houston Rockets  53  29  82  8070  7742  328  64.634      4     7    5     -2    26  14.634\n"
   ]
  },
  {
   "cell_type": "code",
   "execution_count": 50,
   "id": "centered-tension",
   "metadata": {
    "scrolled": false
   },
   "outputs": [
    {
     "name": "stdout",
     "output_type": "stream",
     "text": [
      "1977 NBA Season - Ranked by [Iwin] -> Ratio(Games Won:Total Games) [WinPct] \n",
      "\n",
      "                   Team   W   L   G    GF    GA    GD  WinPct GD_per  Iwin  Igd  Delta  Idel WINvs50\n",
      "     Los Angeles Lakers  53  29  82  8763  8540   223  64.634   2.72     0    4      4     2  14.634\n",
      "     Philadelphia 76ers  50  32  82  9034  8711   323  60.976   3.94     1    2      1     7  10.976\n",
      "         Denver Nuggets  50  32  82  9233  8805   428  60.976   5.22     1    1      0    12  10.976\n",
      "        Houston Rockets  49  33  82  8726  8594   132  59.756   1.61     3    5      2     4   9.756\n",
      " Portland Trail Blazers  49  33  82  9163  8705   458  59.756   5.59     3    0     -3    17   9.756\n",
      "     Washington Bullets  48  34  82  8650  8566    84  58.537   1.02     5    7      2     4   8.537\n",
      "  Golden State Warriors  46  36  82  9097  8833   264  56.098   3.22     6    3     -3    17   6.098\n",
      "          Chicago Bulls  44  38  82  8111  8037    74  53.659    0.9     7    8      1     7   3.659\n",
      "         Boston Celtics  44  38  82  8572  8734  -162  53.659  -1.98     7   16      9     0   3.659\n",
      "      San Antonio Spurs  44  38  82  9432  9382    50  53.659   0.61     7   11      4     2   3.659\n",
      "        Detroit Pistons  44  38  82  8970  9055   -85  53.659  -1.04     7   13      6     1   3.659\n",
      "    Cleveland Cavaliers  43  39  82  8370  8278    92  52.439   1.12    11    6     -5    20   2.439\n",
      "      Kansas City Kings  40  42  82  8828  8756    72   48.78   0.88    12    9     -3    17   -1.22\n",
      "        New York Knicks  40  42  82  8905  8906    -1   48.78  -0.01    12   12      0    12   -1.22\n",
      "    Seattle SuperSonics  40  42  82  8524  8651  -127   48.78  -1.55    12   14      2     4   -1.22\n",
      "         Indiana Pacers  36  46  82  8758  8903  -145  43.902  -1.77    15   15      0    12  -6.098\n",
      "       New Orleans Jazz  35  47  82  8574  8805  -231  42.683  -2.82    16   17      1     7  -7.317\n",
      "           Phoenix Suns  34  48  82  8603  8543    60  41.463   0.73    17   10     -7    21  -8.537\n",
      "          Atlanta Hawks  31  51  82  8394  8727  -333  37.805  -4.06    18   19      1     7 -12.195\n",
      "        Milwaukee Bucks  30  52  82  8889  9145  -256  36.585  -3.12    19   18     -1    16 -13.415\n",
      "         Buffalo Braves  30  52  82  8612  8976  -364  36.585  -4.44    19   20      1     7 -13.415\n",
      "          New York Nets  22  60  82  7865  8421  -556  26.829  -6.78    21   21      0    12 -23.171\n",
      "\n",
      "1977 NBA Season - Ranked by [Igd] -> Goal Differential [GD] \n",
      "\n",
      "                   Team   W   L   G    GF    GA    GD  WinPct GD_per  Iwin  Igd  Delta  Idel WINvs50\n",
      " Portland Trail Blazers  49  33  82  9163  8705   458  59.756   5.59     3    0     -3    17   9.756\n",
      "         Denver Nuggets  50  32  82  9233  8805   428  60.976   5.22     1    1      0    12  10.976\n",
      "     Philadelphia 76ers  50  32  82  9034  8711   323  60.976   3.94     1    2      1     7  10.976\n",
      "  Golden State Warriors  46  36  82  9097  8833   264  56.098   3.22     6    3     -3    17   6.098\n",
      "     Los Angeles Lakers  53  29  82  8763  8540   223  64.634   2.72     0    4      4     2  14.634\n",
      "        Houston Rockets  49  33  82  8726  8594   132  59.756   1.61     3    5      2     4   9.756\n",
      "    Cleveland Cavaliers  43  39  82  8370  8278    92  52.439   1.12    11    6     -5    20   2.439\n",
      "     Washington Bullets  48  34  82  8650  8566    84  58.537   1.02     5    7      2     4   8.537\n",
      "          Chicago Bulls  44  38  82  8111  8037    74  53.659    0.9     7    8      1     7   3.659\n",
      "      Kansas City Kings  40  42  82  8828  8756    72   48.78   0.88    12    9     -3    17   -1.22\n",
      "           Phoenix Suns  34  48  82  8603  8543    60  41.463   0.73    17   10     -7    21  -8.537\n",
      "      San Antonio Spurs  44  38  82  9432  9382    50  53.659   0.61     7   11      4     2   3.659\n",
      "        New York Knicks  40  42  82  8905  8906    -1   48.78  -0.01    12   12      0    12   -1.22\n",
      "        Detroit Pistons  44  38  82  8970  9055   -85  53.659  -1.04     7   13      6     1   3.659\n",
      "    Seattle SuperSonics  40  42  82  8524  8651  -127   48.78  -1.55    12   14      2     4   -1.22\n",
      "         Indiana Pacers  36  46  82  8758  8903  -145  43.902  -1.77    15   15      0    12  -6.098\n",
      "         Boston Celtics  44  38  82  8572  8734  -162  53.659  -1.98     7   16      9     0   3.659\n",
      "       New Orleans Jazz  35  47  82  8574  8805  -231  42.683  -2.82    16   17      1     7  -7.317\n",
      "        Milwaukee Bucks  30  52  82  8889  9145  -256  36.585  -3.12    19   18     -1    16 -13.415\n",
      "          Atlanta Hawks  31  51  82  8394  8727  -333  37.805  -4.06    18   19      1     7 -12.195\n",
      "         Buffalo Braves  30  52  82  8612  8976  -364  36.585  -4.44    19   20      1     7 -13.415\n",
      "          New York Nets  22  60  82  7865  8421  -556  26.829  -6.78    21   21      0    12 -23.171\n",
      "\n",
      "1977 NBA Season - Ranked by luck [Idel] -> Iwin-Igd (Delta) \n",
      "\n",
      "                   Team   W   L   G    GF    GA    GD  WinPct GD_per  Iwin  Igd  Delta  Idel WINvs50\n",
      "         Boston Celtics  44  38  82  8572  8734  -162  53.659  -1.98     7   16      9     0   3.659\n",
      "        Detroit Pistons  44  38  82  8970  9055   -85  53.659  -1.04     7   13      6     1   3.659\n",
      "      San Antonio Spurs  44  38  82  9432  9382    50  53.659   0.61     7   11      4     2   3.659\n",
      "     Los Angeles Lakers  53  29  82  8763  8540   223  64.634   2.72     0    4      4     2  14.634\n",
      "    Seattle SuperSonics  40  42  82  8524  8651  -127   48.78  -1.55    12   14      2     4   -1.22\n",
      "        Houston Rockets  49  33  82  8726  8594   132  59.756   1.61     3    5      2     4   9.756\n",
      "     Washington Bullets  48  34  82  8650  8566    84  58.537   1.02     5    7      2     4   8.537\n",
      "         Buffalo Braves  30  52  82  8612  8976  -364  36.585  -4.44    19   20      1     7 -13.415\n",
      "       New Orleans Jazz  35  47  82  8574  8805  -231  42.683  -2.82    16   17      1     7  -7.317\n",
      "          Chicago Bulls  44  38  82  8111  8037    74  53.659    0.9     7    8      1     7   3.659\n",
      "          Atlanta Hawks  31  51  82  8394  8727  -333  37.805  -4.06    18   19      1     7 -12.195\n",
      "     Philadelphia 76ers  50  32  82  9034  8711   323  60.976   3.94     1    2      1     7  10.976\n",
      "        New York Knicks  40  42  82  8905  8906    -1   48.78  -0.01    12   12      0    12   -1.22\n",
      "         Denver Nuggets  50  32  82  9233  8805   428  60.976   5.22     1    1      0    12  10.976\n",
      "         Indiana Pacers  36  46  82  8758  8903  -145  43.902  -1.77    15   15      0    12  -6.098\n",
      "          New York Nets  22  60  82  7865  8421  -556  26.829  -6.78    21   21      0    12 -23.171\n",
      "        Milwaukee Bucks  30  52  82  8889  9145  -256  36.585  -3.12    19   18     -1    16 -13.415\n",
      " Portland Trail Blazers  49  33  82  9163  8705   458  59.756   5.59     3    0     -3    17   9.756\n",
      "  Golden State Warriors  46  36  82  9097  8833   264  56.098   3.22     6    3     -3    17   6.098\n",
      "      Kansas City Kings  40  42  82  8828  8756    72   48.78   0.88    12    9     -3    17   -1.22\n",
      "    Cleveland Cavaliers  43  39  82  8370  8278    92  52.439   1.12    11    6     -5    20   2.439\n",
      "           Phoenix Suns  34  48  82  8603  8543    60  41.463   0.73    17   10     -7    21  -8.537\n"
     ]
    }
   ],
   "source": [
    "year=1977\n",
    "teams = list(Teams(year))\n",
    "statd = {}\n",
    "    \n",
    "for i,team in enumerate(teams[0:len(teams)]):\n",
    "    df = team.schedule.dataframe\n",
    "    df = df[df['playoffs'] == False]\n",
    "    W = max(df['wins'])\n",
    "    L = max(df['losses'])\n",
    "    G = max(df['game'])\n",
    "    GF = sum(df['points_scored'])\n",
    "    GA = sum(df['points_allowed'])\n",
    "    statd[i] = {'Team' : team.name,\n",
    "        'W' : W,\n",
    "        'L' : L,\n",
    "        'G' : G,\n",
    "        'WinPct' : round(100*W/G,3),\n",
    "        'GF' : GF,\n",
    "        'GA' : GA,\n",
    "        'GD' : GF-GA,\n",
    "        'GD_per' : round((GF-GA)/G,2)}\n",
    "\n",
    "df = pd.DataFrame(statd)\n",
    "df = df.transpose()\n",
    "\n",
    "x = list(df['WinPct'])\n",
    "seq = sorted(x,reverse=True)\n",
    "index = [seq.index(v) for v in x]\n",
    "df['Iwin'] =  index\n",
    "\n",
    "x = list(df['GD'])\n",
    "seq = sorted(x,reverse=True)\n",
    "index = [seq.index(v) for v in x]\n",
    "df['Igd'] =  index\n",
    "\n",
    "df['Delta'] = df['Igd']-df['Iwin']\n",
    "x = list(df['Delta'])\n",
    "seq = sorted(x,reverse=True)\n",
    "index = [seq.index(v) for v in x]\n",
    "df['Idel'] =  index\n",
    "\n",
    "df['WINvs50'] = df['WinPct']-50.0\n",
    "df = df[['Team','W','L','G','GF','GA','GD','WinPct','GD_per','Iwin','Igd','Delta','Idel','WINvs50']]\n",
    "\n",
    "df = df.sort_values(['WinPct'],ascending = (False))\n",
    "print('%s NBA Season - Ranked by [Iwin] -> Ratio(Games Won:Total Games) [WinPct] \\n' % year)\n",
    "print(df.to_string(index=False))\n",
    "\n",
    "df = df.sort_values('GD',ascending=False)\n",
    "print('\\n%s NBA Season - Ranked by [Igd] -> Goal Differential [GD] \\n' % year)\n",
    "print(df.to_string(index=False))\n",
    "\n",
    "df = df.sort_values('Idel',ascending=True)\n",
    "print('\\n%s NBA Season - Ranked by luck [Idel] -> Iwin-Igd (Delta) \\n' % year)\n",
    "print(df.to_string(index=False))"
   ]
  },
  {
   "cell_type": "code",
   "execution_count": 58,
   "id": "waiting-irish",
   "metadata": {},
   "outputs": [
    {
     "name": "stdout",
     "output_type": "stream",
     "text": [
      "2016 NBA Season - Ranked by [Iwin] -> Ratio(Games Won:Total Games) [WinPct] \n",
      "\n",
      "                   Team   W   L   G    GF    GA    GD  WinPct  GD_per  Iwin  Igd  Delta  Idel WINvs50\n",
      "  Golden State Warriors  73   9  82  9421  8539   882  89.024  10.756     0    0      0    12  39.024\n",
      "      San Antonio Spurs  67  15  82  8490  7618   872  81.707  10.634     1    1      0    12  31.707\n",
      "    Cleveland Cavaliers  57  25  82  8555  8063   492  69.512       6     2    3      1     8  19.512\n",
      "        Toronto Raptors  56  26  82  8422  8053   369  68.293     4.5     3    4      1     8  18.293\n",
      "  Oklahoma City Thunder  55  27  82  9038  8441   597  67.073    7.28     4    2     -2    25  17.073\n",
      "   Los Angeles Clippers  53  29  82  8569  8218   351  64.634    4.28     5    5      0    12  14.634\n",
      "             Miami Heat  48  34  82  8204  8069   135  58.537   1.646     6   11      5     1   8.537\n",
      "         Boston Celtics  48  34  82  8669  8406   263  58.537   3.207     6    7      1     8   8.537\n",
      "      Charlotte Hornets  48  34  82  8479  8256   223  58.537    2.72     6    8      2     4   8.537\n",
      "          Atlanta Hawks  48  34  82  8433  8137   296  58.537    3.61     6    6      0    12   8.537\n",
      "         Indiana Pacers  45  37  82  8377  8237   140  54.878   1.707    10   10      0    12   4.878\n",
      " Portland Trail Blazers  44  38  82  8622  8554    68  53.659   0.829    11   12      1     8   3.659\n",
      "        Detroit Pistons  44  38  82  8361  8311    50  53.659    0.61    11   13      2     4   3.659\n",
      "      Memphis Grizzlies  42  40  82  8126  8310  -184   51.22  -2.244    13   19      6     0    1.22\n",
      "          Chicago Bulls  42  40  82  8335  8456  -121   51.22  -1.476    13   17      4     3    1.22\n",
      "       Dallas Mavericks  42  40  82  8388  8413   -25   51.22  -0.305    13   15      2     4    1.22\n",
      "     Washington Wizards  41  41  82  8534  8575   -41      50    -0.5    16   16      0    12       0\n",
      "        Houston Rockets  41  41  82  8737  8721    16      50   0.195    16   14     -2    25       0\n",
      "              Utah Jazz  40  42  82  8010  7863   147   48.78   1.793    18    9     -9    29   -1.22\n",
      "          Orlando Magic  35  47  82  8369  8502  -133  42.683  -1.622    19   18     -1    24  -7.317\n",
      "         Denver Nuggets  33  49  82  8355  8609  -254  40.244  -3.098    20   22      2     4  -9.756\n",
      "       Sacramento Kings  33  49  82  8740  8943  -203  40.244  -2.476    20   20      0    12  -9.756\n",
      "        Milwaukee Bucks  33  49  82  8122  8465  -343  40.244  -4.183    20   25      5     1  -9.756\n",
      "        New York Knicks  32  50  82  8065  8289  -224  39.024  -2.732    23   21     -2    25 -10.976\n",
      "   New Orleans Pelicans  30  52  82  8423  8734  -311  36.585  -3.793    24   24      0    12 -13.415\n",
      " Minnesota Timberwolves  29  53  82  8398  8688  -290  35.366  -3.537    25   23     -2    25 -14.634\n",
      "           Phoenix Suns  23  59  82  8271  8817  -546  28.049  -6.659    26   26      0    12 -21.951\n",
      "          Brooklyn Nets  21  61  82  8089  8692  -603   25.61  -7.354    27   27      0    12  -24.39\n",
      "     Los Angeles Lakers  17  65  82  7982  8766  -784  20.732  -9.561    28   28      0    12 -29.268\n",
      "     Philadelphia 76ers  10  72  82  7988  8827  -839  12.195 -10.232    29   29      0    12 -37.805\n",
      "\n",
      "2016 NBA Season - Ranked by [Igd] -> Goal Differential [GD] \n",
      "\n",
      "                   Team   W   L   G    GF    GA    GD  WinPct  GD_per  Iwin  Igd  Delta  Idel WINvs50\n",
      "  Golden State Warriors  73   9  82  9421  8539   882  89.024  10.756     0    0      0    12  39.024\n",
      "      San Antonio Spurs  67  15  82  8490  7618   872  81.707  10.634     1    1      0    12  31.707\n",
      "  Oklahoma City Thunder  55  27  82  9038  8441   597  67.073    7.28     4    2     -2    25  17.073\n",
      "    Cleveland Cavaliers  57  25  82  8555  8063   492  69.512       6     2    3      1     8  19.512\n",
      "        Toronto Raptors  56  26  82  8422  8053   369  68.293     4.5     3    4      1     8  18.293\n",
      "   Los Angeles Clippers  53  29  82  8569  8218   351  64.634    4.28     5    5      0    12  14.634\n",
      "          Atlanta Hawks  48  34  82  8433  8137   296  58.537    3.61     6    6      0    12   8.537\n",
      "         Boston Celtics  48  34  82  8669  8406   263  58.537   3.207     6    7      1     8   8.537\n",
      "      Charlotte Hornets  48  34  82  8479  8256   223  58.537    2.72     6    8      2     4   8.537\n",
      "              Utah Jazz  40  42  82  8010  7863   147   48.78   1.793    18    9     -9    29   -1.22\n",
      "         Indiana Pacers  45  37  82  8377  8237   140  54.878   1.707    10   10      0    12   4.878\n",
      "             Miami Heat  48  34  82  8204  8069   135  58.537   1.646     6   11      5     1   8.537\n",
      " Portland Trail Blazers  44  38  82  8622  8554    68  53.659   0.829    11   12      1     8   3.659\n",
      "        Detroit Pistons  44  38  82  8361  8311    50  53.659    0.61    11   13      2     4   3.659\n",
      "        Houston Rockets  41  41  82  8737  8721    16      50   0.195    16   14     -2    25       0\n",
      "       Dallas Mavericks  42  40  82  8388  8413   -25   51.22  -0.305    13   15      2     4    1.22\n",
      "     Washington Wizards  41  41  82  8534  8575   -41      50    -0.5    16   16      0    12       0\n",
      "          Chicago Bulls  42  40  82  8335  8456  -121   51.22  -1.476    13   17      4     3    1.22\n",
      "          Orlando Magic  35  47  82  8369  8502  -133  42.683  -1.622    19   18     -1    24  -7.317\n",
      "      Memphis Grizzlies  42  40  82  8126  8310  -184   51.22  -2.244    13   19      6     0    1.22\n",
      "       Sacramento Kings  33  49  82  8740  8943  -203  40.244  -2.476    20   20      0    12  -9.756\n",
      "        New York Knicks  32  50  82  8065  8289  -224  39.024  -2.732    23   21     -2    25 -10.976\n",
      "         Denver Nuggets  33  49  82  8355  8609  -254  40.244  -3.098    20   22      2     4  -9.756\n",
      " Minnesota Timberwolves  29  53  82  8398  8688  -290  35.366  -3.537    25   23     -2    25 -14.634\n",
      "   New Orleans Pelicans  30  52  82  8423  8734  -311  36.585  -3.793    24   24      0    12 -13.415\n",
      "        Milwaukee Bucks  33  49  82  8122  8465  -343  40.244  -4.183    20   25      5     1  -9.756\n",
      "           Phoenix Suns  23  59  82  8271  8817  -546  28.049  -6.659    26   26      0    12 -21.951\n",
      "          Brooklyn Nets  21  61  82  8089  8692  -603   25.61  -7.354    27   27      0    12  -24.39\n",
      "     Los Angeles Lakers  17  65  82  7982  8766  -784  20.732  -9.561    28   28      0    12 -29.268\n",
      "     Philadelphia 76ers  10  72  82  7988  8827  -839  12.195 -10.232    29   29      0    12 -37.805\n",
      "\n",
      "2016 NBA Season - Ranked by luck [Idel] -> Iwin-Igd (Delta) \n",
      "\n",
      "                   Team   W   L   G    GF    GA    GD  WinPct  GD_per  Iwin  Igd  Delta  Idel WINvs50\n",
      "      Memphis Grizzlies  42  40  82  8126  8310  -184   51.22  -2.244    13   19      6     0    1.22\n",
      "             Miami Heat  48  34  82  8204  8069   135  58.537   1.646     6   11      5     1   8.537\n",
      "        Milwaukee Bucks  33  49  82  8122  8465  -343  40.244  -4.183    20   25      5     1  -9.756\n",
      "          Chicago Bulls  42  40  82  8335  8456  -121   51.22  -1.476    13   17      4     3    1.22\n",
      "        Detroit Pistons  44  38  82  8361  8311    50  53.659    0.61    11   13      2     4   3.659\n",
      "         Denver Nuggets  33  49  82  8355  8609  -254  40.244  -3.098    20   22      2     4  -9.756\n",
      "       Dallas Mavericks  42  40  82  8388  8413   -25   51.22  -0.305    13   15      2     4    1.22\n",
      "      Charlotte Hornets  48  34  82  8479  8256   223  58.537    2.72     6    8      2     4   8.537\n",
      "        Toronto Raptors  56  26  82  8422  8053   369  68.293     4.5     3    4      1     8  18.293\n",
      "    Cleveland Cavaliers  57  25  82  8555  8063   492  69.512       6     2    3      1     8  19.512\n",
      " Portland Trail Blazers  44  38  82  8622  8554    68  53.659   0.829    11   12      1     8   3.659\n",
      "         Boston Celtics  48  34  82  8669  8406   263  58.537   3.207     6    7      1     8   8.537\n",
      "   New Orleans Pelicans  30  52  82  8423  8734  -311  36.585  -3.793    24   24      0    12 -13.415\n",
      "       Sacramento Kings  33  49  82  8740  8943  -203  40.244  -2.476    20   20      0    12  -9.756\n",
      "           Phoenix Suns  23  59  82  8271  8817  -546  28.049  -6.659    26   26      0    12 -21.951\n",
      "          Brooklyn Nets  21  61  82  8089  8692  -603   25.61  -7.354    27   27      0    12  -24.39\n",
      "  Golden State Warriors  73   9  82  9421  8539   882  89.024  10.756     0    0      0    12  39.024\n",
      "     Philadelphia 76ers  10  72  82  7988  8827  -839  12.195 -10.232    29   29      0    12 -37.805\n",
      "     Los Angeles Lakers  17  65  82  7982  8766  -784  20.732  -9.561    28   28      0    12 -29.268\n",
      "         Indiana Pacers  45  37  82  8377  8237   140  54.878   1.707    10   10      0    12   4.878\n",
      "          Atlanta Hawks  48  34  82  8433  8137   296  58.537    3.61     6    6      0    12   8.537\n",
      "   Los Angeles Clippers  53  29  82  8569  8218   351  64.634    4.28     5    5      0    12  14.634\n",
      "      San Antonio Spurs  67  15  82  8490  7618   872  81.707  10.634     1    1      0    12  31.707\n",
      "     Washington Wizards  41  41  82  8534  8575   -41      50    -0.5    16   16      0    12       0\n",
      "          Orlando Magic  35  47  82  8369  8502  -133  42.683  -1.622    19   18     -1    24  -7.317\n",
      "        New York Knicks  32  50  82  8065  8289  -224  39.024  -2.732    23   21     -2    25 -10.976\n",
      " Minnesota Timberwolves  29  53  82  8398  8688  -290  35.366  -3.537    25   23     -2    25 -14.634\n",
      "  Oklahoma City Thunder  55  27  82  9038  8441   597  67.073    7.28     4    2     -2    25  17.073\n",
      "        Houston Rockets  41  41  82  8737  8721    16      50   0.195    16   14     -2    25       0\n",
      "              Utah Jazz  40  42  82  8010  7863   147   48.78   1.793    18    9     -9    29   -1.22\n"
     ]
    }
   ],
   "source": [
    "year=2016\n",
    "teams = list(Teams(year))\n",
    "statd = {}\n",
    "    \n",
    "for i,team in enumerate(teams[0:len(teams)]):\n",
    "    df = team.schedule.dataframe\n",
    "    df = df[df['playoffs'] == False]\n",
    "    W = max(df['wins'])\n",
    "    L = max(df['losses'])\n",
    "    G = max(df['game'])\n",
    "    GF = sum(df['points_scored'])\n",
    "    GA = sum(df['points_allowed'])\n",
    "    statd[i] = {'Team' : team.name,\n",
    "        'W' : W,\n",
    "        'L' : L,\n",
    "        'G' : G,\n",
    "        'WinPct' : round(100*W/G,3),\n",
    "        'GF' : GF,\n",
    "        'GA' : GA,\n",
    "        'GD' : GF-GA,\n",
    "        'GD_per' : round((GF-GA)/G,3)}\n",
    "\n",
    "df = pd.DataFrame(statd)\n",
    "df = df.transpose()\n",
    "\n",
    "x = list(df['WinPct'])\n",
    "seq = sorted(x,reverse=True)\n",
    "index = [seq.index(v) for v in x]\n",
    "df['Iwin'] =  index\n",
    "\n",
    "x = list(df['GD'])\n",
    "seq = sorted(x,reverse=True)\n",
    "index = [seq.index(v) for v in x]\n",
    "df['Igd'] =  index\n",
    "\n",
    "df['Delta'] = df['Igd']-df['Iwin']\n",
    "x = list(df['Delta'])\n",
    "seq = sorted(x,reverse=True)\n",
    "index = [seq.index(v) for v in x]\n",
    "df['Idel'] =  index\n",
    "\n",
    "df['WINvs50'] = df['WinPct']-50.0\n",
    "df = df[['Team','W','L','G','GF','GA','GD','WinPct','GD_per','Iwin','Igd','Delta','Idel','WINvs50']]\n",
    "\n",
    "df = df.sort_values(['WinPct'],ascending = (False))\n",
    "print('%s NBA Season - Ranked by [Iwin] -> Ratio(Games Won:Total Games) [WinPct] \\n' % year)\n",
    "print(df.to_string(index=False))\n",
    "\n",
    "df = df.sort_values('GD',ascending=False)\n",
    "print('\\n%s NBA Season - Ranked by [Igd] -> Goal Differential [GD] \\n' % year)\n",
    "print(df.to_string(index=False))\n",
    "\n",
    "df = df.sort_values('Idel',ascending=True)\n",
    "print('\\n%s NBA Season - Ranked by luck [Idel] -> Iwin-Igd (Delta) \\n' % year)\n",
    "print(df.to_string(index=False))"
   ]
  },
  {
   "cell_type": "code",
   "execution_count": null,
   "id": "inappropriate-ottawa",
   "metadata": {},
   "outputs": [],
   "source": [
    "                      Team   W   L   G    GF    GA    GD    Rwin   GD_per  Iwin  Idiff\n",
    "2009 Golden State Warriors  29  53  82  8905  9212  -307  0.3537  -3.7439    23     23\n",
    "2010 Golden State Warriors  26  56  82  8922  9217  -295  0.3171  -3.5976    25     21\n",
    "2011 Golden State Warriors  36  46  82  8477  8668  -191   0.439  -2.3293    19     20\n",
    "2012 Golden State Warriors  23  43  66  6453  6678  -225  0.3485  -3.4091    22     22\n",
    "2013 Golden State Warriors  47  35  82  8296  8223    73  0.5732   0.8902     9     11\n",
    "2014 Golden State Warriors  51  31  82  8549  8155   394   0.622   4.8049     7      3\n",
    "2015 Golden State Warriors  67  15  82  9016  8188   828  0.8171  10.0976     0      0\n",
    "2016 Golden State Warriors  73   9  82  9421  8539   882  0.8902  10.7561     0      0\n",
    "2017 Golden State Warriors  67  15  82  9503  8549   954  0.8171  11.6341     0      0\n",
    "2018 Golden State Warriors  58  24  82  9304  8814   490  0.7073   5.9756     2      2\n",
    "2019 Golden State Warriors  57  25  82  9650  9120   530  0.6951   6.4634     2      1\n",
    "2020 Golden State Warriors  15  50  65  6912  7478  -566  0.2308  -8.7077    29     29"
   ]
  }
 ],
 "metadata": {
  "kernelspec": {
   "display_name": "Python 3",
   "language": "python",
   "name": "python3"
  },
  "language_info": {
   "codemirror_mode": {
    "name": "ipython",
    "version": 3
   },
   "file_extension": ".py",
   "mimetype": "text/x-python",
   "name": "python",
   "nbconvert_exporter": "python",
   "pygments_lexer": "ipython3",
   "version": "3.8.3"
  }
 },
 "nbformat": 4,
 "nbformat_minor": 5
}
