{
 "cells": [
  {
   "cell_type": "code",
   "execution_count": 81,
   "id": "sized-finance",
   "metadata": {},
   "outputs": [
    {
     "name": "stdout",
     "output_type": "stream",
     "text": [
      "Correlation(WinRatio,GoalDifferential)\n",
      "\n",
      "2019: 0.975\n",
      "2020: 0.967\n"
     ]
    }
   ],
   "source": [
    "from sportsipy.nhl.teams import Teams\n",
    "from scipy.stats import pearsonr\n",
    "import pandas as pd\n",
    "from urllib.request import urlopen\n",
    "from bs4 import BeautifulSoup\n",
    "\n",
    "print('Correlation(WinRatio,GoalDifferential)\\n')\n",
    "      \n",
    "# https://towardsdatascience.com/web-scraping-nba-stats-4b4f8c525994\n",
    "def getGa(abbr,year):\n",
    "    # for abbr in abbr_list:\n",
    "    url = 'https://www.hockey-reference.com/teams/' + abbr + '/' + str(year) + '.html'\n",
    "    html = urlopen(url)\n",
    "    soup = BeautifulSoup(html,features=\"lxml\")\n",
    "    \n",
    "    # avoid the first header row\n",
    "    rows = soup.findAll('tr')[1:]\n",
    "    all_stats = [[td.getText() for td in rows[i].findAll('td')]for i in range(len(rows))]\n",
    "    all_stats2 = [e for e in all_stats if e]\n",
    "    all_stats3=[x for x in all_stats2 if len(x)>3]\n",
    "    team_stats = all_stats3[0]\n",
    "    \n",
    "    goals_against = team_stats[8]\n",
    "    return(goals_against)\n",
    "\n",
    "corrd = {}\n",
    "for c,year in enumerate(range(1980, 2021)):\n",
    "    teams = list(Teams(year))\n",
    "    statd = {}\n",
    "    for i,team in enumerate(teams[0:len(teams)]):\n",
    "        G = team.games_played\n",
    "        Rwin = round(team.wins/team.games_played,3)\n",
    "        GF = team.goals_for\n",
    "        GA = int(getGa(team.abbreviation,year))\n",
    "        statd[i] = {'Team' : team.name,\n",
    "                    'W' : team.wins,\n",
    "                    'L' : team.losses,\n",
    "                    'OTL' : team.overtime_losses,\n",
    "                    'G' : G,\n",
    "                    'Rwin' : round(((.5*team.overtime_losses)+team.wins)/G,3),\n",
    "                    'GF' : GF,\n",
    "                    'GA' : GA,\n",
    "                    'GD' : GF-GA,\n",
    "                    'GD_per' : (GF-GA)/G} \n",
    "\n",
    "    df = pd.DataFrame(statd)\n",
    "    df = df.transpose()\n",
    "    \n",
    "    x = list(df['Rwin'])\n",
    "    seq = sorted(x,reverse=True)\n",
    "    index = [seq.index(v) for v in x]\n",
    "    df['Iwin'] =  index\n",
    "  \n",
    "    x = list(df['GD'])\n",
    "    seq = sorted(x,reverse=True)\n",
    "    index = [seq.index(v) for v in x]\n",
    "    df['Idiff'] =  index\n",
    "    \n",
    "    valuCorr, _ = pearsonr(df['GD'].tolist(), df['Rwin'].tolist())\n",
    "    print('%s: %s' % (year,round(valuCorr,3)))"
   ]
  },
  {
   "cell_type": "code",
   "execution_count": 84,
   "id": "chinese-frost",
   "metadata": {},
   "outputs": [
    {
     "name": "stdout",
     "output_type": "stream",
     "text": [
      "2020 NHL Season - Ranked by [Iwin] -> Ratio(Games Won:Total Games) [Rwin] \n",
      "\n",
      "                  Team   W OTL   L   G   GF   GA   GD   Rwin     GD_per  Iwin  Idiff\n",
      "      New York Rangers  53   7  22  71  248  220   28  0.796   0.394366     0      6\n",
      "    Montreal Canadiens  50  10  22  71  214  220   -6  0.775  -0.084507     1     20\n",
      "         Anaheim Ducks  51   7  24  71  228  225    3  0.768  0.0422535     2     18\n",
      "       St. Louis Blues  51   7  24  71  239  190   49  0.768   0.690141     2      3\n",
      "   Tampa Bay Lightning  50   8  24  71  259  194   65  0.761   0.915493     4      1\n",
      "   Nashville Predators  47  10  25  71  226  214   12  0.732   0.169014     5     14\n",
      "    Chicago Blackhawks  48   6  28  71  220  214    6  0.718   0.084507     6     17\n",
      "    New York Islanders  47   7  28  71  245  190   55  0.711   0.774648     7      2\n",
      "     Vancouver Canucks  48   5  29  71  236  214   22  0.711   0.309859     7      9\n",
      "   Washington Capitals  45  11  26  71  237  212   25  0.711   0.352113     7      7\n",
      "        Minnesota Wild  46   8  28  71  227  217   10  0.704   0.140845    10     15\n",
      "     Detroit Red Wings  43  14  25  71  231  265  -34  0.704  -0.478873    10     27\n",
      "         Winnipeg Jets  43  13  26  71  223  201   22  0.697   0.309859    12      9\n",
      "       Ottawa Senators  43  13  26  71  232  238   -6  0.697  -0.084507    12     20\n",
      "   Pittsburgh Penguins  43  12  27  71  217  196   21   0.69   0.295775    14     11\n",
      "        Calgary Flames  45   7  30  71  237  214   23  0.683   0.323944    15      8\n",
      "         Boston Bruins  41  14  27  71  209  167   42  0.676   0.591549    16      5\n",
      "     Los Angeles Kings  40  15  27  71  218  209    9  0.669   0.126761    17     16\n",
      "          Dallas Stars  41  10  31  71  257  174   83  0.648    1.16901    18      0\n",
      "      Florida Panthers  38  15  29  71  198  224  -26  0.641  -0.366197    19     26\n",
      "    Colorado Avalanche  39  12  31  71  209  190   19  0.634   0.267606    20     13\n",
      "       San Jose Sharks  40   9  33  71  224  225   -1  0.627 -0.0140845    21     19\n",
      " Columbus Blue Jackets  42   5  35  71  227  183   44  0.627   0.619718    21      4\n",
      "   Philadelphia Flyers  33  18  31  71  212  191   21  0.592   0.295775    23     11\n",
      "     New Jersey Devils  32  14  36  71  176  224  -48  0.549  -0.676056    24     28\n",
      "   Carolina Hurricanes  30  11  41  71  183  193  -10    0.5  -0.140845    25     22\n",
      "   Toronto Maple Leafs  30   8  44  71  206  222  -16  0.479  -0.225352    26     23\n",
      "       Edmonton Oilers  24  14  44  71  193  215  -22  0.437  -0.309859    27     25\n",
      "       Arizona Coyotes  24   8  50  71  165  183  -18  0.394  -0.253521    28     24\n",
      "        Buffalo Sabres  23   8  51  71  153  215  -62   0.38  -0.873239    29     29\n",
      "\n",
      "2020 NHL Season - Ranked by [Idiff] -> Goal Differential [GD] \n",
      "\n",
      "                  Team   W OTL   L   G   GF   GA   GD   Rwin     GD_per  Iwin  Idiff\n",
      "          Dallas Stars  41  10  31  71  257  174   83  0.648    1.16901    18      0\n",
      "   Tampa Bay Lightning  50   8  24  71  259  194   65  0.761   0.915493     4      1\n",
      "    New York Islanders  47   7  28  71  245  190   55  0.711   0.774648     7      2\n",
      "       St. Louis Blues  51   7  24  71  239  190   49  0.768   0.690141     2      3\n",
      " Columbus Blue Jackets  42   5  35  71  227  183   44  0.627   0.619718    21      4\n",
      "         Boston Bruins  41  14  27  71  209  167   42  0.676   0.591549    16      5\n",
      "      New York Rangers  53   7  22  71  248  220   28  0.796   0.394366     0      6\n",
      "   Washington Capitals  45  11  26  71  237  212   25  0.711   0.352113     7      7\n",
      "        Calgary Flames  45   7  30  71  237  214   23  0.683   0.323944    15      8\n",
      "     Vancouver Canucks  48   5  29  71  236  214   22  0.711   0.309859     7      9\n",
      "         Winnipeg Jets  43  13  26  71  223  201   22  0.697   0.309859    12      9\n",
      "   Philadelphia Flyers  33  18  31  71  212  191   21  0.592   0.295775    23     11\n",
      "   Pittsburgh Penguins  43  12  27  71  217  196   21   0.69   0.295775    14     11\n",
      "    Colorado Avalanche  39  12  31  71  209  190   19  0.634   0.267606    20     13\n",
      "   Nashville Predators  47  10  25  71  226  214   12  0.732   0.169014     5     14\n",
      "        Minnesota Wild  46   8  28  71  227  217   10  0.704   0.140845    10     15\n",
      "     Los Angeles Kings  40  15  27  71  218  209    9  0.669   0.126761    17     16\n",
      "    Chicago Blackhawks  48   6  28  71  220  214    6  0.718   0.084507     6     17\n",
      "         Anaheim Ducks  51   7  24  71  228  225    3  0.768  0.0422535     2     18\n",
      "       San Jose Sharks  40   9  33  71  224  225   -1  0.627 -0.0140845    21     19\n",
      "    Montreal Canadiens  50  10  22  71  214  220   -6  0.775  -0.084507     1     20\n",
      "       Ottawa Senators  43  13  26  71  232  238   -6  0.697  -0.084507    12     20\n",
      "   Carolina Hurricanes  30  11  41  71  183  193  -10    0.5  -0.140845    25     22\n",
      "   Toronto Maple Leafs  30   8  44  71  206  222  -16  0.479  -0.225352    26     23\n",
      "       Arizona Coyotes  24   8  50  71  165  183  -18  0.394  -0.253521    28     24\n",
      "       Edmonton Oilers  24  14  44  71  193  215  -22  0.437  -0.309859    27     25\n",
      "      Florida Panthers  38  15  29  71  198  224  -26  0.641  -0.366197    19     26\n",
      "     Detroit Red Wings  43  14  25  71  231  265  -34  0.704  -0.478873    10     27\n",
      "     New Jersey Devils  32  14  36  71  176  224  -48  0.549  -0.676056    24     28\n",
      "        Buffalo Sabres  23   8  51  71  153  215  -62   0.38  -0.873239    29     29\n"
     ]
    }
   ],
   "source": [
    "teams = list(Teams(2015))\n",
    "statd = {}\n",
    "    \n",
    "for i,team in enumerate(teams[0:len(teams)]):\n",
    "    GP = team.games_played\n",
    "    Rwin = round(team.wins/team.games_played,4)\n",
    "    GF = team.goals_for\n",
    "    GA = int(getGa(team.abbreviation,year))\n",
    "    statd[i] = {'Team' : team.name,\n",
    "                'W' : team.wins,\n",
    "                'L' : team.losses,\n",
    "                'OTL' : team.overtime_losses,                \n",
    "                'G' : G,\n",
    "                'Rwin' : round(((.5*team.overtime_losses)+team.wins)/G,3),\n",
    "                'GF' : GF,\n",
    "                'GA' : GA,\n",
    "                'GD' : GF-GA,\n",
    "                'GD_per' : (GF-GA)/G} \n",
    "        \n",
    "df = pd.DataFrame(statd)\n",
    "df = df.transpose()\n",
    "\n",
    "x = list(df['Rwin'])\n",
    "seq = sorted(x,reverse=True)\n",
    "index = [seq.index(v) for v in x]\n",
    "df['Iwin'] =  index\n",
    "\n",
    "x = list(df['GD'])\n",
    "seq = sorted(x,reverse=True)\n",
    "index = [seq.index(v) for v in x]\n",
    "df['Idiff'] =  index\n",
    "\n",
    "df = df[['Team','W','OTL','L','G','GF','GA','GD','Rwin','GD_per','Iwin','Idiff']]\n",
    "df = df.sort_values('Rwin',ascending=False)\n",
    "print('%s NHL Season - Ranked by [Iwin] -> Ratio(Games Won:Total Games) [Rwin] \\n' % year)\n",
    "print(df.to_string(index=False))\n",
    "\n",
    "df = df[['Team','W','OTL','L','G','GF','GA','GD','Rwin','GD_per','Iwin','Idiff']]\n",
    "df = df.sort_values('GD',ascending=False)\n",
    "print('\\n%s NHL Season - Ranked by [Idiff] -> Goal Differential [GD] \\n' % year)\n",
    "print(df.to_string(index=False))"
   ]
  }
 ],
 "metadata": {
  "kernelspec": {
   "display_name": "Python 3",
   "language": "python",
   "name": "python3"
  },
  "language_info": {
   "codemirror_mode": {
    "name": "ipython",
    "version": 3
   },
   "file_extension": ".py",
   "mimetype": "text/x-python",
   "name": "python",
   "nbconvert_exporter": "python",
   "pygments_lexer": "ipython3",
   "version": "3.8.3"
  }
 },
 "nbformat": 4,
 "nbformat_minor": 5
}
