{
 "cells": [
  {
   "cell_type": "code",
   "execution_count": 263,
   "id": "painted-result",
   "metadata": {},
   "outputs": [
    {
     "name": "stdout",
     "output_type": "stream",
     "text": [
      "Correlation(WinRatio,GoalDifferential)\n",
      "\n",
      "1980: 0.935\n",
      "1981: 0.842\n",
      "1982: 0.866\n",
      "1983: 0.886\n",
      "1984: 0.961\n",
      "1985: 0.917\n",
      "1986: 0.901\n",
      "1987: 0.905\n",
      "1988: 0.915\n",
      "1989: 0.883\n",
      "1990: 0.897\n",
      "1991: 0.914\n",
      "1992: 0.944\n",
      "1993: 0.851\n",
      "1994: 0.895\n",
      "1995: 0.879\n",
      "1996: 0.905\n",
      "1997: 0.929\n",
      "1998: 0.952\n",
      "1999: 0.893\n",
      "2000: 0.933\n",
      "2001: 0.929\n",
      "2002: 0.915\n",
      "2003: 0.904\n",
      "2004: 0.881\n",
      "2005: 0.947\n",
      "2006: 0.902\n",
      "2007: 0.94\n",
      "2008: 0.909\n",
      "2009: 0.928\n",
      "2010: 0.906\n",
      "2011: 0.921\n",
      "2012: 0.917\n",
      "2013: 0.945\n",
      "2014: 0.949\n",
      "2015: 0.938\n",
      "2016: 0.862\n",
      "2017: 0.909\n",
      "2018: 0.937\n",
      "2019: 0.874\n",
      "2020: 0.916\n"
     ]
    }
   ],
   "source": [
    "from sportsipy.nfl.teams import Teams\n",
    "from scipy.stats import pearsonr\n",
    "import pandas as pd\n",
    "\n",
    "print('Correlation(WinRatio,GoalDifferential)\\n')\n",
    "\n",
    "for year in range(1980, 2021):\n",
    "    teams = list(Teams(year))\n",
    "    statd = {}\n",
    "    for i,team in enumerate(teams[0:len(teams)]):\n",
    "        statd[i] = {#'TEA' : team.abbreviation,\n",
    "                    'Team' : team.name,\n",
    "                    #'Rank' : team.rank,\n",
    "                    'W' : team.wins,\n",
    "                    'L' : team.losses,\n",
    "                    'GP' : team.games_played,\n",
    "                    'Rwin' : round(team.wins/team.games_played,4),\n",
    "                    'GF' : team.points_for,\n",
    "                    'GA' : team.points_against,\n",
    "                    'GD' : team.points_for-team.points_against,\n",
    "                    'GD_per' : (team.points_for-team.points_against)/team.games_played}\n",
    "\n",
    "    df = pd.DataFrame(statd)\n",
    "    df = df.transpose()\n",
    "    \n",
    "    x = list(df['Rwin'])\n",
    "    seq = sorted(x,reverse=True)\n",
    "    index = [seq.index(v) for v in x]\n",
    "    df['Iwin'] =  index\n",
    "  \n",
    "    x = list(df['GD'])\n",
    "    seq = sorted(x,reverse=True)\n",
    "    index = [seq.index(v) for v in x]\n",
    "    df['Idiff'] =  index\n",
    "    \n",
    "    valuCorr, _ = pearsonr(df['GD'].tolist(), df['Rwin'].tolist())\n",
    "    print('%s: %s' % (year,round(valuCorr,3)))"
   ]
  },
  {
   "cell_type": "code",
   "execution_count": null,
   "id": "impressed-affair",
   "metadata": {},
   "outputs": [],
   "source": [
    "#compare 1984 vs 2016 (next 2 cells, respectively)\n",
    "#the former makes sense - teams with high win margin per game have good records.  \n",
    "#Bengals sat exactly mid-table with a 1:1 win/loss record and scored exactly as many points as they allowed\n",
    "#the latter has some lucky/unlucky teams - Arizona & Philly lost half their games despite a 3pt win margin per game\n",
    "#basically, their wins were dominant and losses were close games"
   ]
  },
  {
   "cell_type": "code",
   "execution_count": 264,
   "id": "desirable-castle",
   "metadata": {},
   "outputs": [
    {
     "name": "stdout",
     "output_type": "stream",
     "text": [
      "2004 MLB Season - Ranked by [Iwin] -> Ratio(Games Won:Total Games) [Rwin] \n",
      "\n",
      "                 Team   W   L   G   GF   GA    GD   Rwin   GD_per  Iwin  Idiff\n",
      "  Pittsburgh Steelers  15   1  16  372  251   121  0.938   7.5625     0      4\n",
      " New England Patriots  14   2  16  437  260   177  0.875  11.0625     1      0\n",
      "  Philadelphia Eagles  13   3  16  386  260   126  0.812    7.875     2      3\n",
      "   Indianapolis Colts  12   4  16  522  351   171   0.75  10.6875     3      1\n",
      "   San Diego Chargers  12   4  16  446  313   133   0.75   8.3125     3      2\n",
      "      Atlanta Falcons  11   5  16  340  337     3  0.688   0.1875     5     13\n",
      "       Denver Broncos  10   6  16  381  304    77  0.625   4.8125     6      6\n",
      "        New York Jets  10   6  16  333  261    72  0.625      4.5     6      7\n",
      "    Green Bay Packers  10   6  16  424  380    44  0.625     2.75     6     10\n",
      "        Buffalo Bills   9   7  16  395  284   111  0.562   6.9375     9      5\n",
      "     Seattle Seahawks   9   7  16  371  373    -2  0.562   -0.125     9     15\n",
      " Jacksonville Jaguars   9   7  16  261  280   -19  0.562  -1.1875     9     17\n",
      "     Baltimore Ravens   9   7  16  317  268    49  0.562   3.0625     9      8\n",
      "       St. Louis Rams   8   8  16  319  392   -73    0.5  -4.5625    13     24\n",
      "    Minnesota Vikings   8   8  16  405  395    10    0.5    0.625    13     12\n",
      "   New Orleans Saints   8   8  16  348  405   -57    0.5  -3.5625    13     23\n",
      "   Cincinnati Bengals   8   8  16  374  372     2    0.5    0.125    13     14\n",
      "       Houston Texans   7   9  16  309  339   -30  0.438   -1.875    17     19\n",
      "   Kansas City Chiefs   7   9  16  483  435    48  0.438        3    17      9\n",
      "    Carolina Panthers   7   9  16  355  339    16  0.438        1    17     11\n",
      "      New York Giants   6  10  16  303  347   -44  0.375    -2.75    20     21\n",
      "        Detroit Lions   6  10  16  296  350   -54  0.375   -3.375    20     22\n",
      "       Dallas Cowboys   6  10  16  293  405  -112  0.375       -7    20     28\n",
      "    Arizona Cardinals   6  10  16  284  322   -38  0.375   -2.375    20     20\n",
      "  Washington Redskins   6  10  16  240  265   -25  0.375  -1.5625    20     18\n",
      "      Oakland Raiders   5  11  16  320  442  -122  0.312   -7.625    25     30\n",
      "     Tennessee Titans   5  11  16  344  439   -95  0.312  -5.9375    25     26\n",
      " Tampa Bay Buccaneers   5  11  16  301  304    -3  0.312  -0.1875    25     16\n",
      "        Chicago Bears   5  11  16  231  331  -100  0.312    -6.25    25     27\n",
      "     Cleveland Browns   4  12  16  276  390  -114   0.25   -7.125    29     29\n",
      "       Miami Dolphins   4  12  16  275  354   -79   0.25  -4.9375    29     25\n",
      "  San Francisco 49ers   2  14  16  259  452  -193  0.125 -12.0625    31     31\n",
      "\n",
      "2004 MLB Season - Ranked by [Idiff] -> Goal Differential [GD] \n",
      "\n",
      "                 Team   W   L   G   GF   GA    GD   Rwin   GD_per  Iwin  Idiff\n",
      " New England Patriots  14   2  16  437  260   177  0.875  11.0625     1      0\n",
      "   Indianapolis Colts  12   4  16  522  351   171   0.75  10.6875     3      1\n",
      "   San Diego Chargers  12   4  16  446  313   133   0.75   8.3125     3      2\n",
      "  Philadelphia Eagles  13   3  16  386  260   126  0.812    7.875     2      3\n",
      "  Pittsburgh Steelers  15   1  16  372  251   121  0.938   7.5625     0      4\n",
      "        Buffalo Bills   9   7  16  395  284   111  0.562   6.9375     9      5\n",
      "       Denver Broncos  10   6  16  381  304    77  0.625   4.8125     6      6\n",
      "        New York Jets  10   6  16  333  261    72  0.625      4.5     6      7\n",
      "     Baltimore Ravens   9   7  16  317  268    49  0.562   3.0625     9      8\n",
      "   Kansas City Chiefs   7   9  16  483  435    48  0.438        3    17      9\n",
      "    Green Bay Packers  10   6  16  424  380    44  0.625     2.75     6     10\n",
      "    Carolina Panthers   7   9  16  355  339    16  0.438        1    17     11\n",
      "    Minnesota Vikings   8   8  16  405  395    10    0.5    0.625    13     12\n",
      "      Atlanta Falcons  11   5  16  340  337     3  0.688   0.1875     5     13\n",
      "   Cincinnati Bengals   8   8  16  374  372     2    0.5    0.125    13     14\n",
      "     Seattle Seahawks   9   7  16  371  373    -2  0.562   -0.125     9     15\n",
      " Tampa Bay Buccaneers   5  11  16  301  304    -3  0.312  -0.1875    25     16\n",
      " Jacksonville Jaguars   9   7  16  261  280   -19  0.562  -1.1875     9     17\n",
      "  Washington Redskins   6  10  16  240  265   -25  0.375  -1.5625    20     18\n",
      "       Houston Texans   7   9  16  309  339   -30  0.438   -1.875    17     19\n",
      "    Arizona Cardinals   6  10  16  284  322   -38  0.375   -2.375    20     20\n",
      "      New York Giants   6  10  16  303  347   -44  0.375    -2.75    20     21\n",
      "        Detroit Lions   6  10  16  296  350   -54  0.375   -3.375    20     22\n",
      "   New Orleans Saints   8   8  16  348  405   -57    0.5  -3.5625    13     23\n",
      "       St. Louis Rams   8   8  16  319  392   -73    0.5  -4.5625    13     24\n",
      "       Miami Dolphins   4  12  16  275  354   -79   0.25  -4.9375    29     25\n",
      "     Tennessee Titans   5  11  16  344  439   -95  0.312  -5.9375    25     26\n",
      "        Chicago Bears   5  11  16  231  331  -100  0.312    -6.25    25     27\n",
      "       Dallas Cowboys   6  10  16  293  405  -112  0.375       -7    20     28\n",
      "     Cleveland Browns   4  12  16  276  390  -114   0.25   -7.125    29     29\n",
      "      Oakland Raiders   5  11  16  320  442  -122  0.312   -7.625    25     30\n",
      "  San Francisco 49ers   2  14  16  259  452  -193  0.125 -12.0625    31     31\n"
     ]
    }
   ],
   "source": [
    "from sportsipy.nfl.teams import Teams\n",
    "from scipy.stats import pearsonr\n",
    "import pandas as pd\n",
    "    \n",
    "year=2004\n",
    "teams = list(Teams(year))\n",
    "statd = {}\n",
    "    \n",
    "for i,team in enumerate(teams[0:len(teams)]):\n",
    "    statd[i] = {'Team' : team.name,\n",
    "                'W' : team.wins,\n",
    "                'L' : team.losses,\n",
    "                'G' : team.games_played,\n",
    "                'Rwin' : round(team.wins/team.games_played,3),\n",
    "                'GF' : team.points_for,\n",
    "                'GA' : team.points_against,\n",
    "                'GD' : team.points_for-team.points_against,\n",
    "                'GD_per' : (team.points_for-team.points_against)/team.games_played}\n",
    "\n",
    "df = pd.DataFrame(statd)\n",
    "df = df.transpose()\n",
    "\n",
    "x = list(df['Rwin'])\n",
    "seq = sorted(x,reverse=True)\n",
    "index = [seq.index(v) for v in x]\n",
    "df['Iwin'] =  index\n",
    "\n",
    "x = list(df['GD'])\n",
    "seq = sorted(x,reverse=True)\n",
    "index = [seq.index(v) for v in x]\n",
    "df['Idiff'] =  index\n",
    "\n",
    "df = df[['Team','W','L','G','GF','GA','GD','Rwin','GD_per','Iwin','Idiff']]\n",
    "df = df.sort_values('Rwin',ascending=False)\n",
    "print('%s MLB Season - Ranked by [Iwin] -> Ratio(Games Won:Total Games) [Rwin] \\n' % year)\n",
    "print(df.to_string(index=False))\n",
    "\n",
    "df = df[['Team','W','L','G','GF','GA','GD','Rwin','GD_per','Iwin','Idiff']]\n",
    "df = df.sort_values('GD',ascending=False)\n",
    "print('\\n%s MLB Season - Ranked by [Idiff] -> Goal Differential [GD] \\n' % year)\n",
    "print(df.to_string(index=False))"
   ]
  }
 ],
 "metadata": {
  "kernelspec": {
   "display_name": "Python 3",
   "language": "python",
   "name": "python3"
  },
  "language_info": {
   "codemirror_mode": {
    "name": "ipython",
    "version": 3
   },
   "file_extension": ".py",
   "mimetype": "text/x-python",
   "name": "python",
   "nbconvert_exporter": "python",
   "pygments_lexer": "ipython3",
   "version": "3.8.3"
  }
 },
 "nbformat": 4,
 "nbformat_minor": 5
}
