{
 "cells": [
  {
   "cell_type": "code",
   "execution_count": 51,
   "id": "sized-finance",
   "metadata": {},
   "outputs": [
    {
     "name": "stdout",
     "output_type": "stream",
     "text": [
      "Correlation(WinRatio,GoalDifferential)\n",
      "\n",
      "2006: 0.929 (new min) (new max)\n",
      "2007: 0.943 (new max)\n",
      "2008: 0.914 (new min)\n",
      "2009: 0.956 (new max)\n",
      "2010: 0.946\n",
      "2011: 0.929\n",
      "2012: 0.902 (new min)\n",
      "2013: 0.92\n",
      "2014: 0.967 (new max)\n",
      "2015: 0.961\n",
      "2016: 0.956\n",
      "2017: 0.973 (new max)\n",
      "2018: 0.982 (new max)\n",
      "2019: 0.975\n",
      "2020: 0.967\n",
      "MIN:2012 (0.902)\n",
      "MAX:2018 (0.982)\n",
      "AVG:0.948\n"
     ]
    }
   ],
   "source": [
    "from sportsipy.nhl.teams import Teams\n",
    "from scipy.stats import pearsonr\n",
    "import pandas as pd\n",
    "from urllib.request import urlopen\n",
    "from bs4 import BeautifulSoup\n",
    "\n",
    "print('Correlation(WinRatio,GoalDifferential)\\n')\n",
    "\n",
    "maxCorr= -1.1\n",
    "minCorr= 1.1\n",
    "minYear = 2021\n",
    "maxYear = 2021\n",
    "corrList = []\n",
    "# https://towardsdatascience.com/web-scraping-nba-stats-4b4f8c525994\n",
    "def getGa(abbr,year):\n",
    "    url = 'https://www.hockey-reference.com/teams/' + abbr + '/' + str(year) + '.html'\n",
    "    html = urlopen(url)\n",
    "    soup = BeautifulSoup(html,features=\"lxml\")\n",
    "    \n",
    "    # avoid the first header row\n",
    "    rows = soup.findAll('tr')[1:]\n",
    "    all_stats = [[td.getText() for td in rows[i].findAll('td')]for i in range(len(rows))]\n",
    "    all_stats2 = [e for e in all_stats if e]\n",
    "    all_stats3=[x for x in all_stats2 if len(x)>3]\n",
    "    team_stats = all_stats3[0]\n",
    "    if year > 2005:\n",
    "        goals_against = team_stats[8]\n",
    "    else:\n",
    "        goals_against = team_stats[9]\n",
    "    return(goals_against)\n",
    "\n",
    "corrd = {}\n",
    "for year in range(2006, 2021):\n",
    "    if year == 2005:\n",
    "        continue\n",
    "    teams = list(Teams(year))\n",
    "    statd = {}\n",
    "    for i,team in enumerate(teams[0:len(teams)]):\n",
    "        G = team.games_played\n",
    "        WinPct = round(100*(team.wins+(.5*team.overtime_losses))/G,3)\n",
    "        GF = team.goals_for\n",
    "        GA = int(getGa(team.abbreviation,year))\n",
    "        statd[i] = {'Team' : team.name,\n",
    "                    'W' : team.wins,\n",
    "                    'L' : team.losses,\n",
    "                    'OTL' : team.overtime_losses,                \n",
    "                    'G' : G,\n",
    "                    'WinPct' : WinPct,\n",
    "                    'GF' : GF,\n",
    "                    'GA' : GA,\n",
    "                    'GD' : GF-GA,\n",
    "                    'GD_per' : round((GF-GA)/G,2)}  \n",
    "\n",
    "    df = pd.DataFrame(statd)\n",
    "    df = df.transpose()\n",
    "    \n",
    "    corr, _ = pearsonr(df['GD'].tolist(), df['WinPct'].tolist())\n",
    "    corrList.append(corr)\n",
    "    \n",
    "    if maxCorr < minCorr:\n",
    "        minCorr = corr\n",
    "        maxCorr = corr\n",
    "        minYear = year\n",
    "        maxYear = year\n",
    "        print('%s: %s (new min) (new max)' % (year,round(corr,3)))\n",
    "    elif corr < minCorr:\n",
    "        minCorr= corr\n",
    "        minYear = year\n",
    "        print('%s: %s (new min)' % (year,round(corr,3)))\n",
    "    elif corr > maxCorr:\n",
    "        maxCorr= corr\n",
    "        maxYear = year\n",
    "        print('%s: %s (new max)' % (year,round(corr,3)))\n",
    "    else: \n",
    "        print('%s: %s' % (year,round(corr,3)))\n",
    "\n",
    "print('MIN:%s (%s)' % (minYear,round(minCorr,3)))\n",
    "print('MAX:%s (%s)' % (maxYear,round(maxCorr,3)))\n",
    "print('AVG:%s' % (round(sum(corrList)/len(corrList),3)))"
   ]
  },
  {
   "cell_type": "code",
   "execution_count": null,
   "id": "embedded-provincial",
   "metadata": {},
   "outputs": [],
   "source": [
    "'''\n",
    "MIN:2012 (0.902)\n",
    "MAX:2018 (0.982)\n",
    "AVG:0.95\n",
    "'''"
   ]
  },
  {
   "cell_type": "code",
   "execution_count": 47,
   "id": "advanced-disclaimer",
   "metadata": {},
   "outputs": [
    {
     "name": "stdout",
     "output_type": "stream",
     "text": [
      "2012 Luckiest,Median,Unluckiest Teams:\n",
      "               Team   W OTL   L   G   GF   GA   GD  WinPct GD_per  Iwin  Igd  Delta  Idel WINvs50\n",
      "   Florida Panthers  38  18  26  82  197  216  -19  57.317  -0.23    13   19      6     0   7.317\n",
      " Montreal Canadiens  31  16  35  82  207  214   -7  47.561  -0.09    27   14    -13    29  -2.439\n",
      " Montreal Canadiens  31  16  35  82  207  214   -7  47.561  -0.09    27   14    -13    29  -2.439\n"
     ]
    }
   ],
   "source": [
    "year=2012\n",
    "teams = list(Teams(year))\n",
    "statd = {}\n",
    "\n",
    "for i,team in enumerate(teams[0:len(teams)]):\n",
    "    G = team.games_played\n",
    "    WinPct = round(100*(team.wins+(.5*team.overtime_losses))/G,3)\n",
    "    GF = team.goals_for\n",
    "    GA = int(getGa(team.abbreviation,year))\n",
    "    statd[i] = {'Team' : team.name,\n",
    "                'W' : team.wins,\n",
    "                'L' : team.losses,\n",
    "                'OTL' : team.overtime_losses,                \n",
    "                'G' : G,\n",
    "                'WinPct' : WinPct,\n",
    "                'GF' : GF,\n",
    "                'GA' : GA,\n",
    "                'GD' : GF-GA,\n",
    "                'GD_per' : round((GF-GA)/G,2)} \n",
    "        \n",
    "df = pd.DataFrame(statd)\n",
    "df = df.transpose()\n",
    "\n",
    "x = list(df['WinPct'])\n",
    "seq = sorted(x,reverse=True)\n",
    "index = [seq.index(v) for v in x]\n",
    "df['Iwin'] =  index\n",
    "\n",
    "x = list(df['GD'])\n",
    "seq = sorted(x,reverse=True)\n",
    "index = [seq.index(v) for v in x]\n",
    "df['Igd'] =  index\n",
    "\n",
    "df['Delta'] = df['Igd']-df['Iwin']\n",
    "x = list(df['Delta'])\n",
    "seq = sorted(x,reverse=True)\n",
    "index = [seq.index(v) for v in x]\n",
    "df['Idel'] =  index\n",
    "\n",
    "df['WINvs50'] = df['WinPct']-50.0\n",
    "df = df[['Team','W','OTL','L','G','GF','GA','GD','WinPct','GD_per','Iwin','Igd','Delta','Idel','WINvs50']]\n",
    "\n",
    "df = df.sort_values('W',ascending=False)\n",
    "df_mdian = df.loc[abs(df['GD']) == min(abs((df['GD'])))]\n",
    "df_mdian = df_mdian[abs(df_mdian['WINvs50']) == min(abs(df_mdian['WINvs50']))]\n",
    "df_lucky = df[df['Delta'] == max(df['Delta'])].head(1)\n",
    "df_nluck = df[df['Delta'] == min(df['Delta'])].head(1)\n",
    "print('%s Luckiest,Median,Unluckiest Teams:' % year)\n",
    "df_ext = pd.concat([df_lucky,pd.concat([df_mdian,df_nluck],sort=False)],sort=False)\n",
    "print(df_ext.to_string(index=False))"
   ]
  },
  {
   "cell_type": "code",
   "execution_count": null,
   "id": "embedded-suggestion",
   "metadata": {},
   "outputs": [],
   "source": [
    "'''\n",
    "2012 Luckiest,Median,Unluckiest Teams: (most anomolous)\n",
    "               Team   W OTL   L   G   GF   GA   GD  WinPct GD_per  Iwin  Igd  Delta  Idel WINvs50\n",
    "   Florida Panthers  38  18  26  82  197  216  -19  57.317  -0.23    13   19      6     0   7.317\n",
    " Montreal Canadiens  31  16  35  82  207  214   -7  47.561  -0.09    27   14    -13    29  -2.439\n",
    " Montreal Canadiens  31  16  35  82  207  214   -7  47.561  -0.09    27   14    -13    29  -2.439\n",
    "\n",
    "2018 Luckiest,Median,Unluckiest Teams: (most predictable)\n",
    "                Team   W OTL   L   G   GF   GA  GD  WinPct GD_per  Iwin  Igd  Delta  Idel WINvs50\n",
    " Washington Capitals  49   7  26  82  256  238  18  64.024   0.22     5   12      7     0  14.024\n",
    "     St. Louis Blues  44   6  32  82  223  222   1  57.317   0.01    17   18      1     5   7.317\n",
    "   Los Angeles Kings  45   8  29  82  237  202  35  59.756   0.43    11    6     -5    28   9.756\n",
    "'''"
   ]
  },
  {
   "cell_type": "code",
   "execution_count": 48,
   "id": "macro-uncertainty",
   "metadata": {},
   "outputs": [
    {
     "name": "stdout",
     "output_type": "stream",
     "text": [
      "2012 NFL Season - Ranked by [Iwin] -> Ratio(Games Won:Total Games) [WinPct] \n",
      "\n",
      "                  Team   W   L   G   GF   GA   GD  WinPct GD_per  Iwin  Igd  Delta  Idel WINvs50\n",
      "     Vancouver Canucks  51  22  82  241  191   50  67.683   0.61     0    3      3     4  17.683\n",
      "      New York Rangers  51  24  82  222  182   40  66.463   0.49     1    4      3     4  16.463\n",
      "       St. Louis Blues  49  22  82  206  155   51  66.463   0.62     1    2      1    10  16.463\n",
      "   Pittsburgh Penguins  51  25  82  273  218   55  65.854   0.67     3    1     -2    24  15.854\n",
      "   Nashville Predators  48  26  82  232  205   27  63.415   0.33     4    7      3     4  13.415\n",
      "   Philadelphia Flyers  47  26  82  260  225   35  62.805   0.43     5    6      1    10  12.805\n",
      "     Detroit Red Wings  48  28  82  239  200   39  62.195   0.48     6    5     -1    19  12.195\n",
      "         Boston Bruins  49  29  82  260  199   61  62.195   0.74     6    0     -6    28  12.195\n",
      "     New Jersey Devils  48  28  82  216  205   11  62.195   0.13     6   11      5     2  12.195\n",
      "    Chicago Blackhawks  45  26  82  241  231   10  61.585   0.12     9   12      3     4  11.585\n",
      "       Phoenix Coyotes  42  27  82  210  194   16  59.146    0.2    10    9     -1    19   9.146\n",
      "       San Jose Sharks  43  29  82  219  205   14  58.537   0.17    11   10     -1    19   8.537\n",
      "     Los Angeles Kings  40  27  82  188  170   18  57.927   0.22    12    8     -4    26   7.927\n",
      "      Florida Panthers  38  26  82  197  216  -19  57.317  -0.23    13   19      6     0   7.317\n",
      "   Washington Capitals  42  32  82  218  226   -8  56.098   -0.1    14   15      1    10   6.098\n",
      "       Ottawa Senators  41  31  82  243  236    7  56.098   0.09    14   13     -1    19   6.098\n",
      "        Calgary Flames  37  29  82  199  217  -18  54.878  -0.22    16   18      2     8   4.878\n",
      "        Buffalo Sabres  39  32  82  211  223  -12  54.268  -0.15    17   16     -1    19   4.268\n",
      "          Dallas Stars  42  35  82  204  218  -14  54.268  -0.17    17   17      0    16   4.268\n",
      "    Colorado Avalanche  41  35  82  199  218  -19  53.659  -0.23    19   19      0    16   3.659\n",
      "   Tampa Bay Lightning  38  36  82  232  278  -46   51.22  -0.56    20   26      6     0    1.22\n",
      "         Winnipeg Jets  37  35  82  221  242  -21   51.22  -0.26    20   21      1    10    1.22\n",
      "   Carolina Hurricanes  33  33  82  212  237  -25      50   -0.3    22   23      1    10       0\n",
      "        Minnesota Wild  35  36  82  166  217  -51   49.39  -0.62    23   27      4     3   -0.61\n",
      "         Anaheim Ducks  34  36  82  201  224  -23   48.78  -0.28    24   22     -2    24   -1.22\n",
      "   Toronto Maple Leafs  35  37  82  227  259  -32   48.78  -0.39    24   25      1    10   -1.22\n",
      "    New York Islanders  34  37  82  196  251  -55  48.171  -0.67    26   28      2     8  -1.829\n",
      "    Montreal Canadiens  31  35  82  207  214   -7  47.561  -0.09    27   14    -13    29  -2.439\n",
      "       Edmonton Oilers  32  40  82  207  232  -25  45.122   -0.3    28   23     -5    27  -4.878\n",
      " Columbus Blue Jackets  29  46  82  198  257  -59  39.634  -0.72    29   29      0    16 -10.366\n",
      "\n",
      "2012 NFL Season - Ranked by [Igd] -> Goal Differential [GD] \n",
      "\n",
      "                  Team   W   L   G   GF   GA   GD  WinPct GD_per  Iwin  Igd  Delta  Idel WINvs50\n",
      "         Boston Bruins  49  29  82  260  199   61  62.195   0.74     6    0     -6    28  12.195\n",
      "   Pittsburgh Penguins  51  25  82  273  218   55  65.854   0.67     3    1     -2    24  15.854\n",
      "       St. Louis Blues  49  22  82  206  155   51  66.463   0.62     1    2      1    10  16.463\n",
      "     Vancouver Canucks  51  22  82  241  191   50  67.683   0.61     0    3      3     4  17.683\n",
      "      New York Rangers  51  24  82  222  182   40  66.463   0.49     1    4      3     4  16.463\n",
      "     Detroit Red Wings  48  28  82  239  200   39  62.195   0.48     6    5     -1    19  12.195\n",
      "   Philadelphia Flyers  47  26  82  260  225   35  62.805   0.43     5    6      1    10  12.805\n",
      "   Nashville Predators  48  26  82  232  205   27  63.415   0.33     4    7      3     4  13.415\n",
      "     Los Angeles Kings  40  27  82  188  170   18  57.927   0.22    12    8     -4    26   7.927\n",
      "       Phoenix Coyotes  42  27  82  210  194   16  59.146    0.2    10    9     -1    19   9.146\n",
      "       San Jose Sharks  43  29  82  219  205   14  58.537   0.17    11   10     -1    19   8.537\n",
      "     New Jersey Devils  48  28  82  216  205   11  62.195   0.13     6   11      5     2  12.195\n",
      "    Chicago Blackhawks  45  26  82  241  231   10  61.585   0.12     9   12      3     4  11.585\n",
      "       Ottawa Senators  41  31  82  243  236    7  56.098   0.09    14   13     -1    19   6.098\n",
      "    Montreal Canadiens  31  35  82  207  214   -7  47.561  -0.09    27   14    -13    29  -2.439\n",
      "   Washington Capitals  42  32  82  218  226   -8  56.098   -0.1    14   15      1    10   6.098\n",
      "        Buffalo Sabres  39  32  82  211  223  -12  54.268  -0.15    17   16     -1    19   4.268\n",
      "          Dallas Stars  42  35  82  204  218  -14  54.268  -0.17    17   17      0    16   4.268\n",
      "        Calgary Flames  37  29  82  199  217  -18  54.878  -0.22    16   18      2     8   4.878\n",
      "      Florida Panthers  38  26  82  197  216  -19  57.317  -0.23    13   19      6     0   7.317\n",
      "    Colorado Avalanche  41  35  82  199  218  -19  53.659  -0.23    19   19      0    16   3.659\n",
      "         Winnipeg Jets  37  35  82  221  242  -21   51.22  -0.26    20   21      1    10    1.22\n",
      "         Anaheim Ducks  34  36  82  201  224  -23   48.78  -0.28    24   22     -2    24   -1.22\n",
      "   Carolina Hurricanes  33  33  82  212  237  -25      50   -0.3    22   23      1    10       0\n",
      "       Edmonton Oilers  32  40  82  207  232  -25  45.122   -0.3    28   23     -5    27  -4.878\n",
      "   Toronto Maple Leafs  35  37  82  227  259  -32   48.78  -0.39    24   25      1    10   -1.22\n",
      "   Tampa Bay Lightning  38  36  82  232  278  -46   51.22  -0.56    20   26      6     0    1.22\n",
      "        Minnesota Wild  35  36  82  166  217  -51   49.39  -0.62    23   27      4     3   -0.61\n",
      "    New York Islanders  34  37  82  196  251  -55  48.171  -0.67    26   28      2     8  -1.829\n",
      " Columbus Blue Jackets  29  46  82  198  257  -59  39.634  -0.72    29   29      0    16 -10.366\n",
      "\n",
      "2012 NFL Season - Ranked by luck [Idel] -> Iwin-Igd (Delta) \n",
      "\n",
      "                  Team   W   L   G   GF   GA   GD  WinPct GD_per  Iwin  Igd  Delta  Idel WINvs50\n",
      "   Tampa Bay Lightning  38  36  82  232  278  -46   51.22  -0.56    20   26      6     0    1.22\n",
      "      Florida Panthers  38  26  82  197  216  -19  57.317  -0.23    13   19      6     0   7.317\n",
      "     New Jersey Devils  48  28  82  216  205   11  62.195   0.13     6   11      5     2  12.195\n",
      "        Minnesota Wild  35  36  82  166  217  -51   49.39  -0.62    23   27      4     3   -0.61\n",
      "     Vancouver Canucks  51  22  82  241  191   50  67.683   0.61     0    3      3     4  17.683\n",
      "      New York Rangers  51  24  82  222  182   40  66.463   0.49     1    4      3     4  16.463\n",
      "    Chicago Blackhawks  45  26  82  241  231   10  61.585   0.12     9   12      3     4  11.585\n",
      "   Nashville Predators  48  26  82  232  205   27  63.415   0.33     4    7      3     4  13.415\n",
      "    New York Islanders  34  37  82  196  251  -55  48.171  -0.67    26   28      2     8  -1.829\n",
      "        Calgary Flames  37  29  82  199  217  -18  54.878  -0.22    16   18      2     8   4.878\n",
      "   Washington Capitals  42  32  82  218  226   -8  56.098   -0.1    14   15      1    10   6.098\n",
      "   Philadelphia Flyers  47  26  82  260  225   35  62.805   0.43     5    6      1    10  12.805\n",
      "   Carolina Hurricanes  33  33  82  212  237  -25      50   -0.3    22   23      1    10       0\n",
      "       St. Louis Blues  49  22  82  206  155   51  66.463   0.62     1    2      1    10  16.463\n",
      "   Toronto Maple Leafs  35  37  82  227  259  -32   48.78  -0.39    24   25      1    10   -1.22\n",
      "         Winnipeg Jets  37  35  82  221  242  -21   51.22  -0.26    20   21      1    10    1.22\n",
      "    Colorado Avalanche  41  35  82  199  218  -19  53.659  -0.23    19   19      0    16   3.659\n",
      " Columbus Blue Jackets  29  46  82  198  257  -59  39.634  -0.72    29   29      0    16 -10.366\n",
      "          Dallas Stars  42  35  82  204  218  -14  54.268  -0.17    17   17      0    16   4.268\n",
      "        Buffalo Sabres  39  32  82  211  223  -12  54.268  -0.15    17   16     -1    19   4.268\n",
      "       San Jose Sharks  43  29  82  219  205   14  58.537   0.17    11   10     -1    19   8.537\n",
      "       Phoenix Coyotes  42  27  82  210  194   16  59.146    0.2    10    9     -1    19   9.146\n",
      "     Detroit Red Wings  48  28  82  239  200   39  62.195   0.48     6    5     -1    19  12.195\n",
      "       Ottawa Senators  41  31  82  243  236    7  56.098   0.09    14   13     -1    19   6.098\n",
      "         Anaheim Ducks  34  36  82  201  224  -23   48.78  -0.28    24   22     -2    24   -1.22\n",
      "   Pittsburgh Penguins  51  25  82  273  218   55  65.854   0.67     3    1     -2    24  15.854\n",
      "     Los Angeles Kings  40  27  82  188  170   18  57.927   0.22    12    8     -4    26   7.927\n",
      "       Edmonton Oilers  32  40  82  207  232  -25  45.122   -0.3    28   23     -5    27  -4.878\n",
      "         Boston Bruins  49  29  82  260  199   61  62.195   0.74     6    0     -6    28  12.195\n",
      "    Montreal Canadiens  31  35  82  207  214   -7  47.561  -0.09    27   14    -13    29  -2.439\n"
     ]
    }
   ],
   "source": [
    "year=2012\n",
    "teams = list(Teams(year))\n",
    "statd = {}\n",
    "\n",
    "for i,team in enumerate(teams[0:len(teams)]):\n",
    "    G = team.games_played\n",
    "    WinPct = round(100*(team.wins+(.5*team.overtime_losses))/G,3)\n",
    "    GF = team.goals_for\n",
    "    GA = int(getGa(team.abbreviation,year))\n",
    "    statd[i] = {'Team' : team.name,\n",
    "                'W' : team.wins,\n",
    "                'L' : team.losses,\n",
    "                'OTL' : team.overtime_losses,                \n",
    "                'G' : G,\n",
    "                'WinPct' : WinPct,\n",
    "                'GF' : GF,\n",
    "                'GA' : GA,\n",
    "                'GD' : GF-GA,\n",
    "                'GD_per' : round((GF-GA)/G,2)} \n",
    "        \n",
    "df = pd.DataFrame(statd)\n",
    "df = df.transpose()\n",
    "\n",
    "x = list(df['WinPct'])\n",
    "seq = sorted(x,reverse=True)\n",
    "index = [seq.index(v) for v in x]\n",
    "df['Iwin'] =  index\n",
    "\n",
    "x = list(df['GD'])\n",
    "seq = sorted(x,reverse=True)\n",
    "index = [seq.index(v) for v in x]\n",
    "df['Igd'] =  index\n",
    "\n",
    "df['Delta'] = df['Igd']-df['Iwin']\n",
    "x = list(df['Delta'])\n",
    "seq = sorted(x,reverse=True)\n",
    "index = [seq.index(v) for v in x]\n",
    "df['Idel'] =  index\n",
    "\n",
    "df['WINvs50'] = df['WinPct']-50.0\n",
    "df = df[['Team','W','L','G','GF','GA','GD','WinPct','GD_per','Iwin','Igd','Delta','Idel','WINvs50']]\n",
    "\n",
    "df = df.sort_values(['WinPct'],ascending = (False))\n",
    "print('%s NHL Season - Ranked by [Iwin] -> Ratio(Games Won:Total Games) [WinPct] \\n' % year)\n",
    "print(df.to_string(index=False))\n",
    "\n",
    "df = df.sort_values('GD',ascending=False)\n",
    "print('\\n%s NHL Season - Ranked by [Igd] -> Goal Differential [GD] \\n' % year)\n",
    "print(df.to_string(index=False))\n",
    "\n",
    "df = df.sort_values('Idel',ascending=True)\n",
    "print('\\n%s NHL Season - Ranked by luck [Idel] -> Iwin-Igd (Delta) \\n' % year)\n",
    "print(df.to_string(index=False))"
   ]
  }
 ],
 "metadata": {
  "kernelspec": {
   "display_name": "Python 3",
   "language": "python",
   "name": "python3"
  },
  "language_info": {
   "codemirror_mode": {
    "name": "ipython",
    "version": 3
   },
   "file_extension": ".py",
   "mimetype": "text/x-python",
   "name": "python",
   "nbconvert_exporter": "python",
   "pygments_lexer": "ipython3",
   "version": "3.8.3"
  }
 },
 "nbformat": 4,
 "nbformat_minor": 5
}
