{
 "cells": [
  {
   "cell_type": "code",
   "execution_count": 34,
   "id": "excessive-liberal",
   "metadata": {},
   "outputs": [
    {
     "name": "stdout",
     "output_type": "stream",
     "text": [
      "Correlation(WinRatio,GoalDifferential)\n",
      "\n",
      "1990: 0.907\n",
      "1991: 0.957\n",
      "1992: 0.925\n",
      "1993: 0.92\n",
      "1994: 0.915\n",
      "1995: 0.894\n",
      "1996: 0.937\n",
      "1997: 0.899\n",
      "1998: 0.957\n",
      "1999: 0.96\n",
      "2000: 0.926\n",
      "2001: 0.956\n",
      "2002: 0.957\n",
      "2003: 0.949\n",
      "2004: 0.945\n",
      "2005: 0.906\n",
      "2006: 0.904\n",
      "2007: 0.9\n",
      "2008: 0.924\n",
      "2009: 0.925\n",
      "2010: 0.976\n",
      "2011: 0.929\n",
      "2012: 0.944\n",
      "2013: 0.946\n",
      "2014: 0.905\n",
      "2015: 0.878\n",
      "2016: 0.914\n",
      "2017: 0.951\n",
      "2018: 0.954\n",
      "2019: 0.975\n",
      "2020: 0.916\n"
     ]
    }
   ],
   "source": [
    "from sportsipy.mlb.teams import Teams\n",
    "from scipy.stats import pearsonr\n",
    "import pandas as pd\n",
    "\n",
    "print('Correlation(WinRatio,GoalDifferential)\\n')\n",
    "\n",
    "for year in range(1990, 2021):\n",
    "    teams = list(Teams(year))\n",
    "    statd = {}\n",
    "    for i,team in enumerate(teams[0:len(teams)]):\n",
    "                    G = team.games\n",
    "                    GF = int(G*team.runs)\n",
    "                    GA = int(G*team.runs_against)\n",
    "                    statd[i] = {'Team' : team.name,\n",
    "                    'W' : team.wins,\n",
    "                    'L' : team.losses,\n",
    "                    'G' : G,\n",
    "                    'Rwin' : round(team.wins/G,3),\n",
    "                    'GF' : GF,\n",
    "                    'GA' : GA,\n",
    "                    'GD' : GF-GA,\n",
    "                    'GD_per' : round((GF-GA)/G,2)}\n",
    "\n",
    "    df = pd.DataFrame(statd)\n",
    "    df = df.transpose()\n",
    "    \n",
    "    x = list(df['Rwin'])\n",
    "    seq = sorted(x,reverse=True)\n",
    "    index = [seq.index(v) for v in x]\n",
    "    df['Iwin'] =  index\n",
    "    \n",
    "    x = list(df['GD'])\n",
    "    seq = sorted(x,reverse=True)\n",
    "    index = [seq.index(v) for v in x]\n",
    "    df['Idiff'] =  index\n",
    "    \n",
    "    valuCorr, _ = pearsonr(df['GD'].tolist(), df['Rwin'].tolist())\n",
    "    print('%s: %s' % (year,round(valuCorr,3)))"
   ]
  },
  {
   "cell_type": "code",
   "execution_count": 47,
   "id": "chronic-choir",
   "metadata": {},
   "outputs": [
    {
     "name": "stdout",
     "output_type": "stream",
     "text": [
      "1995 MLB Season - Ranked by [Iwin] -> Ratio(Games Won:Total Games) [Rwin] \n",
      "\n",
      "                  Team    W   L    G   GF   GA    GD   Rwin GD_per  Iwin  Idiff\n",
      "     Cleveland Indians  100  44  144  835  604   231  0.694    1.6     0      0\n",
      "        Atlanta Braves   90  54  144  648  547   101  0.625    0.7     1      2\n",
      "        Boston Red Sox   86  58  144  792  691   101  0.597    0.7     2      2\n",
      "       Cincinnati Reds   85  59  144  748  619   129   0.59    0.9     3      1\n",
      "      New York Yankees   79  65  145  754  681    73  0.545    0.5     4      6\n",
      "      Seattle Mariners   79  66  145  797  710    87  0.545    0.6     4      5\n",
      "   Los Angeles Dodgers   78  66  144  633  604    29  0.542    0.2     6     10\n",
      "     California Angels   78  67  145  797  696   101  0.538    0.7     7      2\n",
      "      Colorado Rockies   77  67  144  792  777    15  0.535    0.1     8     11\n",
      "        Houston Astros   76  68  144  748  676    72  0.528    0.5     9      7\n",
      "         Texas Rangers   74  70  144  691  720   -29  0.514   -0.2    10     18\n",
      "          Chicago Cubs   73  71  144  691  676    15  0.507    0.1    11     11\n",
      "     Baltimore Orioles   71  73  144  705  633    72  0.493    0.5    12      7\n",
      "      San Diego Padres   70  74  144  662  676   -14  0.486   -0.1    13     15\n",
      "    Kansas City Royals   70  74  144  633  691   -58  0.486   -0.4    13     21\n",
      "         New York Mets   69  75  144  662  619    43  0.479    0.3    15      9\n",
      " Philadelphia Phillies   69  75  144  619  662   -43  0.479   -0.3    15     20\n",
      "     Chicago White Sox   68  76  145  754  754     0  0.469      0    17     13\n",
      "       Florida Marlins   67  76  143  672  672     0  0.469      0    17     13\n",
      "     Oakland Athletics   67  77  144  734  763   -29  0.465   -0.2    19     18\n",
      "  San Francisco Giants   67  77  144  648  777  -129  0.465   -0.9    19     24\n",
      "        Montreal Expos   66  78  144  619  633   -14  0.458   -0.1    21     15\n",
      "     Milwaukee Brewers   65  79  144  734  748   -14  0.451   -0.1    22     15\n",
      "   St. Louis Cardinals   62  81  143  557  657  -100  0.434   -0.7    23     22\n",
      "        Detroit Tigers   60  84  144  648  849  -201  0.417   -1.4    24     27\n",
      "    Pittsburgh Pirates   58  86  144  633  734  -101  0.403   -0.7    25     23\n",
      "       Minnesota Twins   56  88  144  705  892  -187  0.389   -1.3    26     26\n",
      "     Toronto Blue Jays   56  88  144  648  777  -129  0.389   -0.9    26     24\n",
      "\n",
      "1995 MLB Season - Ranked by [Idiff] -> Goal Differential [GD] \n",
      "\n",
      "                  Team    W   L    G   GF   GA    GD   Rwin GD_per  Iwin  Idiff\n",
      "     Cleveland Indians  100  44  144  835  604   231  0.694    1.6     0      0\n",
      "       Cincinnati Reds   85  59  144  748  619   129   0.59    0.9     3      1\n",
      "        Boston Red Sox   86  58  144  792  691   101  0.597    0.7     2      2\n",
      "     California Angels   78  67  145  797  696   101  0.538    0.7     7      2\n",
      "        Atlanta Braves   90  54  144  648  547   101  0.625    0.7     1      2\n",
      "      Seattle Mariners   79  66  145  797  710    87  0.545    0.6     4      5\n",
      "      New York Yankees   79  65  145  754  681    73  0.545    0.5     4      6\n",
      "        Houston Astros   76  68  144  748  676    72  0.528    0.5     9      7\n",
      "     Baltimore Orioles   71  73  144  705  633    72  0.493    0.5    12      7\n",
      "         New York Mets   69  75  144  662  619    43  0.479    0.3    15      9\n",
      "   Los Angeles Dodgers   78  66  144  633  604    29  0.542    0.2     6     10\n",
      "      Colorado Rockies   77  67  144  792  777    15  0.535    0.1     8     11\n",
      "          Chicago Cubs   73  71  144  691  676    15  0.507    0.1    11     11\n",
      "       Florida Marlins   67  76  143  672  672     0  0.469      0    17     13\n",
      "     Chicago White Sox   68  76  145  754  754     0  0.469      0    17     13\n",
      "     Milwaukee Brewers   65  79  144  734  748   -14  0.451   -0.1    22     15\n",
      "      San Diego Padres   70  74  144  662  676   -14  0.486   -0.1    13     15\n",
      "        Montreal Expos   66  78  144  619  633   -14  0.458   -0.1    21     15\n",
      "     Oakland Athletics   67  77  144  734  763   -29  0.465   -0.2    19     18\n",
      "         Texas Rangers   74  70  144  691  720   -29  0.514   -0.2    10     18\n",
      " Philadelphia Phillies   69  75  144  619  662   -43  0.479   -0.3    15     20\n",
      "    Kansas City Royals   70  74  144  633  691   -58  0.486   -0.4    13     21\n",
      "   St. Louis Cardinals   62  81  143  557  657  -100  0.434   -0.7    23     22\n",
      "    Pittsburgh Pirates   58  86  144  633  734  -101  0.403   -0.7    25     23\n",
      "  San Francisco Giants   67  77  144  648  777  -129  0.465   -0.9    19     24\n",
      "     Toronto Blue Jays   56  88  144  648  777  -129  0.389   -0.9    26     24\n",
      "       Minnesota Twins   56  88  144  705  892  -187  0.389   -1.3    26     26\n",
      "        Detroit Tigers   60  84  144  648  849  -201  0.417   -1.4    24     27\n"
     ]
    }
   ],
   "source": [
    "year=1995\n",
    "teams = list(Teams(year))\n",
    "statd = {}\n",
    "    \n",
    "for i,team in enumerate(teams[0:len(teams)]):\n",
    "                    G = team.games\n",
    "                    GF = int(G*team.runs)\n",
    "                    GA = int(G*team.runs_against)\n",
    "                    statd[i] = {'Team' : team.name,\n",
    "                    'W' : team.wins,\n",
    "                    'L' : team.losses,\n",
    "                    'G' : G,\n",
    "                    'Rwin' : round(team.wins/G,3),\n",
    "                    'GF' : GF,\n",
    "                    'GA' : GA,\n",
    "                    'GD' : GF-GA,\n",
    "                    'GD_per' : round((GF-GA)/G,2)}\n",
    "                    \n",
    "df = pd.DataFrame(statd)\n",
    "df = df.transpose()\n",
    "\n",
    "x = list(df['Rwin'])\n",
    "seq = sorted(x,reverse=True)\n",
    "index = [seq.index(v) for v in x]\n",
    "df['Iwin'] =  index\n",
    "\n",
    "x = list(df['GD'])\n",
    "seq = sorted(x,reverse=True)\n",
    "index = [seq.index(v) for v in x]\n",
    "df['Idiff'] =  index\n",
    "\n",
    "df = df[['Team','W','L','G','GF','GA','GD','Rwin','GD_per','Iwin','Idiff']]\n",
    "df = df.sort_values('Rwin',ascending=False)\n",
    "print('%s MLB Season - Ranked by [Iwin] -> Ratio(Games Won:Total Games) [Rwin] \\n' % year)\n",
    "print(df.to_string(index=False))\n",
    "\n",
    "df = df[['Team','W','L','G','GF','GA','GD','Rwin','GD_per','Iwin','Idiff']]\n",
    "df = df.sort_values('GD',ascending=False)\n",
    "print('\\n%s MLB Season - Ranked by [Idiff] -> Goal Differential [GD] \\n' % year)\n",
    "print(df.to_string(index=False))"
   ]
  }
 ],
 "metadata": {
  "kernelspec": {
   "display_name": "Python 3",
   "language": "python",
   "name": "python3"
  },
  "language_info": {
   "codemirror_mode": {
    "name": "ipython",
    "version": 3
   },
   "file_extension": ".py",
   "mimetype": "text/x-python",
   "name": "python",
   "nbconvert_exporter": "python",
   "pygments_lexer": "ipython3",
   "version": "3.8.3"
  }
 },
 "nbformat": 4,
 "nbformat_minor": 5
}
