rowid,hometeam,homescore,awayteam,awayscore,winnerteam,winnerhomeoraway,margin,total,matchupid
1,Bears,27,Buccaneers,13,Bears,home,14,40,49
2,Bears,6,Buccaneers,27,Buccaneers,away,-21,33,49
3,Bears,17,Buccaneers,13,Bears,home,4,30,49
4,Bears,14,Buccaneers,24,Buccaneers,away,-10,38,49
5,Bears,22,Buccaneers,34,Buccaneers,away,-12,56,49
6,Bears,12,Buccaneers,14,Buccaneers,away,-2,26,49
7,Bears,17,Buccaneers,3,Bears,home,14,20,49
8,Bears,6,Buccaneers,35,Buccaneers,away,-29,41,49
9,Bears,10,Buccaneers,14,Buccaneers,away,-4,24,49
10,Bears,13,Buccaneers,24,Buccaneers,away,-11,37,49
11,Bears,10,Buccaneers,27,Buccaneers,away,-17,37,49
12,Bears,21,Buccaneers,24,Buccaneers,away,-3,45,49
13,Bears,27,Buccaneers,24,Bears,home,3,51,49
14,Bears,17,Buccaneers,31,Buccaneers,away,-14,48,49
15,Bears,17,Buccaneers,28,Buccaneers,away,-11,45,49
16,Bears,12,Buccaneers,7,Bears,home,5,19,49
17,Bears,20,Buccaneers,10,Bears,home,10,30,49
18,Bears,17,Buccaneers,20,Buccaneers,away,-3,37,49
19,Bears,15,Buccaneers,20,Buccaneers,away,-5,35,49
20,Bears,13,Buccaneers,20,Buccaneers,away,-7,33,49
21,Bears,17,Buccaneers,27,Buccaneers,away,-10,44,49
22,Bears,10,Buccaneers,16,Buccaneers,away,-6,26,49
23,Bears,6,Buccaneers,27,Buccaneers,away,-21,33,49
24,Bears,16,Buccaneers,28,Buccaneers,away,-12,44,49
25,Bears,20,Buccaneers,0,Bears,home,20,20,49
26,Bears,6,Buccaneers,34,Buccaneers,away,-28,40,49
27,Bears,24,Buccaneers,31,Buccaneers,away,-7,55,49
28,Bears,26,Buccaneers,17,Bears,home,9,43,49
29,Bears,10,Buccaneers,6,Bears,home,4,16,49
30,Bears,21,Buccaneers,16,Bears,home,5,37,49
31,Bears,20,Buccaneers,34,Buccaneers,away,-14,54,49
32,Bears,27,Buccaneers,0,Bears,home,27,27,49
33,Bears,20,Buccaneers,17,Bears,home,3,37,49
34,Bears,13,Buccaneers,20,Buccaneers,away,-7,33,49
35,Bears,16,Buccaneers,24,Buccaneers,away,-8,40,49
36,Bears,14,Buccaneers,9,Bears,home,5,23,49
37,Bears,17,Buccaneers,33,Buccaneers,away,-16,50,49
38,Bears,17,Buccaneers,10,Bears,home,7,27,49
39,Bears,23,Buccaneers,14,Bears,home,9,37,49
40,Bears,30,Buccaneers,12,Bears,home,18,42,49
41,Bears,21,Buccaneers,48,Buccaneers,away,-27,69,49
42,Bears,10,Buccaneers,42,Buccaneers,away,-32,52,49
43,Bears,23,Buccaneers,0,Bears,home,23,23,49
44,Bears,10,Buccaneers,30,Buccaneers,away,-20,40,49
45,Bears,20,Buccaneers,6,Bears,home,14,26,49
46,Bears,12,Buccaneers,10,Bears,home,2,22,49
47,Bears,44,Buccaneers,24,Bears,home,20,68,49
48,Bears,0,Buccaneers,20,Buccaneers,away,-20,20,49
49,Bears,16,Buccaneers,13,Bears,home,3,29,49
50,Bears,10,Buccaneers,17,Buccaneers,away,-7,27,49
51,Bears,21,Buccaneers,20,Bears,home,1,41,49
52,Bears,0,Buccaneers,13,Buccaneers,away,-13,13,49
53,Bears,41,Buccaneers,14,Bears,home,27,55,49
54,Bears,29,Buccaneers,0,Bears,home,29,29,49
55,Bears,14,Buccaneers,10,Bears,home,4,24,49
56,Bears,24,Buccaneers,31,Buccaneers,away,-7,55,49
57,Bears,10,Buccaneers,17,Buccaneers,away,-7,27,49
58,Bears,22,Buccaneers,14,Bears,home,8,36,49
59,Bears,0,Buccaneers,23,Buccaneers,away,-23,23,49
60,Bears,17,Buccaneers,23,Buccaneers,away,-6,40,49
61,Bears,15,Buccaneers,10,Bears,home,5,25,49
62,Bears,13,Buccaneers,17,Buccaneers,away,-4,30,49
63,Bears,6,Buccaneers,24,Buccaneers,away,-18,30,49
64,Bears,35,Buccaneers,21,Bears,home,14,56,49
65,Bears,31,Buccaneers,38,Buccaneers,away,-7,69,49
66,Bears,27,Buccaneers,20,Bears,home,7,47,49
67,Bears,35,Buccaneers,24,Bears,home,11,59,49
68,Bears,34,Buccaneers,24,Bears,home,10,58,49
69,Bears,9,Buccaneers,30,Buccaneers,away,-21,39,49
70,Bears,17,Buccaneers,20,Buccaneers,away,-3,37,49
71,Bears,27,Buccaneers,7,Bears,home,20,34,49
72,Bears,31,Buccaneers,13,Bears,home,18,44,49
73,Bears,17,Buccaneers,20,Buccaneers,away,-3,37,49
74,Bears,10,Buccaneers,19,Buccaneers,away,-9,29,49
75,Bears,28,Buccaneers,16,Bears,home,12,44,49
76,Bears,24,Buccaneers,16,Bears,home,8,40,49
77,Bears,27,Buccaneers,24,Bears,home,3,51,49
78,Bears,30,Buccaneers,10,Bears,home,20,40,49
79,Bears,27,Buccaneers,7,Bears,home,20,34,49
80,Bears,10,Buccaneers,13,Buccaneers,away,-3,23,49
81,Bears,14,Buccaneers,8,Bears,home,6,22,49
82,Bears,14,Buccaneers,10,Bears,home,4,24,49
83,Bears,20,Buccaneers,7,Bears,home,13,27,49
84,Bears,21,Buccaneers,20,Bears,home,1,41,49
85,Bears,16,Buccaneers,0,Bears,home,16,16,49
86,Bears,30,Buccaneers,16,Bears,home,14,46,49
87,Bears,27,Buccaneers,17,Bears,home,10,44,49
88,Bears,27,Buccaneers,31,Buccaneers,away,-4,58,49
89,Bears,31,Buccaneers,17,Bears,home,14,48,49
90,Bears,23,Buccaneers,17,Bears,home,6,40,49
91,Bears,23,Buccaneers,30,Buccaneers,away,-7,53,49
92,Bears,27,Buccaneers,10,Bears,home,17,37,49
93,Bears,30,Buccaneers,28,Bears,home,2,58,49
94,Bears,26,Buccaneers,6,Bears,home,20,32,49
95,Bears,17,Buccaneers,28,Buccaneers,away,-11,45,49
96,Bears,13,Buccaneers,17,Buccaneers,away,-4,30,49
97,Bears,25,Buccaneers,17,Bears,home,8,42,49
98,Bears,34,Buccaneers,13,Bears,home,21,47,49
99,Bears,24,Buccaneers,21,Bears,home,3,45,49
100,Bears,17,Buccaneers,41,Buccaneers,away,-24,58,49
101,Falcons,20,Panthers,48,Panthers,away,-28,68,50
102,Falcons,31,Panthers,14,Falcons,home,17,45,50
103,Falcons,6,Panthers,66,Panthers,away,-60,72,50
104,Falcons,38,Panthers,34,Falcons,home,4,72,50
105,Falcons,31,Panthers,27,Falcons,home,4,58,50
106,Falcons,23,Panthers,40,Panthers,away,-17,63,50
107,Falcons,10,Panthers,26,Panthers,away,-16,36,50
108,Falcons,32,Panthers,17,Falcons,home,15,49,50
109,Falcons,14,Panthers,37,Panthers,away,-23,51,50
110,Falcons,20,Panthers,23,Panthers,away,-3,43,50
111,Falcons,32,Panthers,28,Falcons,home,4,60,50
112,Falcons,24,Panthers,33,Panthers,away,-9,57,50
113,Falcons,10,Panthers,45,Panthers,away,-35,55,50
114,Falcons,37,Panthers,13,Falcons,home,24,50,50
115,Falcons,38,Panthers,37,Falcons,home,1,75,50
116,Falcons,21,Panthers,45,Panthers,away,-24,66,50
117,Falcons,24,Panthers,34,Panthers,away,-10,58,50
118,Falcons,24,Panthers,23,Falcons,home,1,47,50
119,Falcons,6,Panthers,44,Panthers,away,-38,50,50
120,Falcons,7,Panthers,49,Panthers,away,-42,56,50
121,Falcons,20,Panthers,35,Panthers,away,-15,55,50
122,Falcons,17,Panthers,40,Panthers,away,-23,57,50
123,Falcons,21,Panthers,40,Panthers,away,-19,61,50
124,Falcons,19,Panthers,41,Panthers,away,-22,60,50
125,Falcons,13,Panthers,51,Panthers,away,-38,64,50
126,Falcons,31,Panthers,30,Falcons,home,1,61,50
127,Falcons,23,Panthers,20,Falcons,home,3,43,50
128,Falcons,38,Panthers,47,Panthers,away,-9,85,50
129,Falcons,6,Panthers,36,Panthers,away,-30,42,50
130,Falcons,13,Panthers,34,Panthers,away,-21,47,50
131,Falcons,10,Panthers,47,Panthers,away,-37,57,50
132,Falcons,10,Panthers,27,Panthers,away,-17,37,50
133,Falcons,35,Panthers,22,Falcons,home,13,57,50
134,Falcons,45,Panthers,24,Falcons,home,21,69,50
135,Falcons,43,Panthers,21,Falcons,home,22,64,50
136,Falcons,12,Panthers,9,Falcons,home,3,21,50
137,Falcons,16,Panthers,43,Panthers,away,-27,59,50
138,Falcons,17,Panthers,27,Panthers,away,-10,44,50
139,Falcons,26,Panthers,44,Panthers,away,-18,70,50
140,Falcons,29,Panthers,16,Falcons,home,13,45,50
141,Falcons,42,Panthers,20,Falcons,home,22,62,50
142,Falcons,24,Panthers,34,Panthers,away,-10,58,50
143,Falcons,24,Panthers,34,Panthers,away,-10,58,50
144,Falcons,24,Panthers,27,Panthers,away,-3,51,50
145,Falcons,33,Panthers,23,Falcons,home,10,56,50
146,Falcons,23,Panthers,38,Panthers,away,-15,61,50
147,Falcons,10,Panthers,45,Panthers,away,-35,55,50
148,Falcons,6,Panthers,35,Panthers,away,-29,41,50
149,Falcons,41,Panthers,34,Falcons,home,7,75,50
150,Falcons,7,Panthers,40,Panthers,away,-33,47,50
151,Falcons,13,Panthers,44,Panthers,away,-31,57,50
152,Falcons,46,Panthers,13,Falcons,home,33,59,50
153,Falcons,0,Panthers,14,Panthers,away,-14,14,50
154,Falcons,27,Panthers,35,Panthers,away,-8,62,50
155,Falcons,24,Panthers,44,Panthers,away,-20,68,50
156,Falcons,13,Panthers,52,Panthers,away,-39,65,50
157,Falcons,7,Panthers,45,Panthers,away,-38,52,50
158,Falcons,17,Panthers,38,Panthers,away,-21,55,50
159,Falcons,51,Panthers,28,Falcons,home,23,79,50
160,Falcons,16,Panthers,34,Panthers,away,-18,50,50
161,Falcons,10,Panthers,23,Panthers,away,-13,33,50
162,Falcons,23,Panthers,44,Panthers,away,-21,67,50
163,Falcons,19,Panthers,44,Panthers,away,-25,63,50
164,Falcons,34,Panthers,26,Falcons,home,8,60,50
165,Falcons,33,Panthers,14,Falcons,home,19,47,50
166,Falcons,13,Panthers,30,Panthers,away,-17,43,50
167,Falcons,26,Panthers,14,Falcons,home,12,40,50
168,Falcons,31,Panthers,27,Falcons,home,4,58,50
169,Falcons,6,Panthers,26,Panthers,away,-20,32,50
170,Falcons,17,Panthers,37,Panthers,away,-20,54,50
171,Falcons,17,Panthers,30,Panthers,away,-13,47,50
172,Falcons,27,Panthers,28,Panthers,away,-1,55,50
173,Falcons,20,Panthers,55,Panthers,away,-35,75,50
174,Falcons,44,Panthers,35,Falcons,home,9,79,50
175,Falcons,24,Panthers,63,Panthers,away,-39,87,50
176,Falcons,24,Panthers,34,Panthers,away,-10,58,50
177,Falcons,31,Panthers,36,Panthers,away,-5,67,50
178,Falcons,31,Panthers,22,Falcons,home,9,53,50
179,Falcons,27,Panthers,30,Panthers,away,-3,57,50
180,Falcons,20,Panthers,24,Panthers,away,-4,44,50
181,Falcons,55,Panthers,51,Falcons,home,4,106,50
182,Falcons,31,Panthers,29,Falcons,home,2,60,50
183,Falcons,13,Panthers,49,Panthers,away,-36,62,50
184,Falcons,28,Panthers,45,Panthers,away,-17,73,50
185,Falcons,16,Panthers,48,Panthers,away,-32,64,50
186,Falcons,28,Panthers,33,Panthers,away,-5,61,50
187,Falcons,10,Panthers,37,Panthers,away,-27,47,50
188,Falcons,23,Panthers,27,Panthers,away,-4,50,50
189,Falcons,43,Panthers,41,Falcons,home,2,84,50
190,Falcons,30,Panthers,28,Falcons,home,2,58,50
191,Falcons,28,Panthers,17,Falcons,home,11,45,50
192,Falcons,24,Panthers,44,Panthers,away,-20,68,50
193,Falcons,38,Panthers,22,Falcons,home,16,60,50
194,Falcons,27,Panthers,38,Panthers,away,-11,65,50
195,Falcons,16,Panthers,41,Panthers,away,-25,57,50
196,Falcons,17,Panthers,55,Panthers,away,-38,72,50
197,Falcons,17,Panthers,47,Panthers,away,-30,64,50
198,Falcons,27,Panthers,34,Panthers,away,-7,61,50
199,Falcons,26,Panthers,16,Falcons,home,10,42,50
200,Falcons,37,Panthers,20,Falcons,home,17,57,50
201,Ravens,44,Bengals,17,Ravens,home,27,61,51
202,Ravens,31,Bengals,30,Ravens,home,1,61,51
203,Ravens,30,Bengals,13,Ravens,home,17,43,51
204,Ravens,37,Bengals,6,Ravens,home,31,43,51
205,Ravens,20,Bengals,14,Ravens,home,6,34,51
206,Ravens,9,Bengals,16,Bengals,away,-7,25,51
207,Ravens,17,Bengals,7,Ravens,home,10,24,51
208,Ravens,38,Bengals,13,Ravens,home,25,51,51
209,Ravens,48,Bengals,7,Ravens,home,41,55,51
210,Ravens,30,Bengals,20,Ravens,home,10,50,51
211,Ravens,52,Bengals,17,Ravens,home,35,69,51
212,Ravens,23,Bengals,13,Ravens,home,10,36,51
213,Ravens,24,Bengals,27,Bengals,away,-3,51,51
214,Ravens,17,Bengals,6,Ravens,home,11,23,51
215,Ravens,37,Bengals,17,Ravens,home,20,54,51
216,Ravens,34,Bengals,27,Ravens,home,7,61,51
217,Ravens,21,Bengals,23,Bengals,away,-2,44,51
218,Ravens,48,Bengals,6,Ravens,home,42,54,51
219,Ravens,27,Bengals,31,Bengals,away,-4,58,51
220,Ravens,25,Bengals,20,Ravens,home,5,45,51
221,Ravens,31,Bengals,7,Ravens,home,24,38,51
222,Ravens,24,Bengals,10,Ravens,home,14,34,51
223,Ravens,40,Bengals,20,Ravens,home,20,60,51
224,Ravens,24,Bengals,20,Ravens,home,4,44,51
225,Ravens,17,Bengals,28,Bengals,away,-11,45,51
226,Ravens,28,Bengals,14,Ravens,home,14,42,51
227,Ravens,20,Bengals,13,Ravens,home,7,33,51
228,Ravens,23,Bengals,37,Bengals,away,-14,60,51
229,Ravens,41,Bengals,17,Ravens,home,24,58,51
230,Ravens,24,Bengals,13,Ravens,home,11,37,51
231,Ravens,26,Bengals,34,Bengals,away,-8,60,51
232,Ravens,23,Bengals,20,Ravens,home,3,43,51
233,Ravens,35,Bengals,13,Ravens,home,22,48,51
234,Ravens,34,Bengals,10,Ravens,home,24,44,51
235,Ravens,38,Bengals,14,Ravens,home,24,52,51
236,Ravens,47,Bengals,21,Ravens,home,26,68,51
237,Ravens,27,Bengals,7,Ravens,home,20,34,51
238,Ravens,16,Bengals,20,Bengals,away,-4,36,51
239,Ravens,10,Bengals,21,Bengals,away,-11,31,51
240,Ravens,27,Bengals,14,Ravens,home,13,41,51
241,Ravens,54,Bengals,47,Ravens,home,7,101,51
242,Ravens,40,Bengals,10,Ravens,home,30,50,51
243,Ravens,23,Bengals,31,Bengals,away,-8,54,51
244,Ravens,44,Bengals,7,Ravens,home,37,51,51
245,Ravens,27,Bengals,21,Ravens,home,6,48,51
246,Ravens,23,Bengals,20,Ravens,home,3,43,51
247,Ravens,45,Bengals,31,Ravens,home,14,76,51
248,Ravens,34,Bengals,21,Ravens,home,13,55,51
249,Ravens,34,Bengals,33,Ravens,home,1,67,51
250,Ravens,19,Bengals,17,Ravens,home,2,36,51
251,Ravens,35,Bengals,38,Bengals,away,-3,73,51
252,Ravens,27,Bengals,20,Ravens,home,7,47,51
253,Ravens,27,Bengals,24,Ravens,home,3,51,51
254,Ravens,24,Bengals,23,Ravens,home,1,47,51
255,Ravens,13,Bengals,19,Bengals,away,-6,32,51
256,Ravens,30,Bengals,20,Ravens,home,10,50,51
257,Ravens,19,Bengals,13,Ravens,home,6,32,51
258,Ravens,41,Bengals,27,Ravens,home,14,68,51
259,Ravens,26,Bengals,31,Bengals,away,-5,57,51
260,Ravens,20,Bengals,27,Bengals,away,-7,47,51
261,Ravens,17,Bengals,16,Ravens,home,1,33,51
262,Ravens,23,Bengals,26,Bengals,away,-3,49,51
263,Ravens,41,Bengals,0,Ravens,home,41,41,51
264,Ravens,28,Bengals,20,Ravens,home,8,48,51
265,Ravens,16,Bengals,24,Bengals,away,-8,40,51
266,Ravens,40,Bengals,31,Ravens,home,9,71,51
267,Ravens,17,Bengals,27,Bengals,away,-10,44,51
268,Ravens,23,Bengals,34,Bengals,away,-11,57,51
269,Ravens,37,Bengals,21,Ravens,home,16,58,51
270,Ravens,34,Bengals,13,Ravens,home,21,47,51
271,Ravens,10,Bengals,15,Bengals,away,-5,25,51
272,Ravens,34,Bengals,31,Ravens,home,3,65,51
273,Ravens,19,Bengals,20,Bengals,away,-1,39,51
274,Ravens,20,Bengals,24,Bengals,away,-4,44,51
275,Ravens,20,Bengals,17,Ravens,home,3,37,51
276,Ravens,31,Bengals,13,Ravens,home,18,44,51
277,Ravens,30,Bengals,34,Bengals,away,-4,64,51
278,Ravens,36,Bengals,13,Ravens,home,23,49,51
279,Ravens,31,Bengals,27,Ravens,home,4,58,51
280,Ravens,13,Bengals,24,Bengals,away,-11,37,51
281,Ravens,23,Bengals,24,Bengals,away,-1,47,51
282,Ravens,10,Bengals,13,Bengals,away,-3,23,51
283,Ravens,21,Bengals,44,Bengals,away,-23,65,51
284,Ravens,20,Bengals,23,Bengals,away,-3,43,51
285,Ravens,35,Bengals,20,Ravens,home,15,55,51
286,Ravens,27,Bengals,22,Ravens,home,5,49,51
287,Ravens,34,Bengals,10,Ravens,home,24,44,51
288,Ravens,13,Bengals,6,Ravens,home,7,19,51
289,Ravens,40,Bengals,36,Ravens,home,4,76,51
290,Ravens,31,Bengals,30,Ravens,home,1,61,51
291,Ravens,34,Bengals,20,Ravens,home,14,54,51
292,Ravens,28,Bengals,22,Ravens,home,6,50,51
293,Ravens,27,Bengals,13,Ravens,home,14,40,51
294,Ravens,38,Bengals,17,Ravens,home,21,55,51
295,Ravens,40,Bengals,10,Ravens,home,30,50,51
296,Ravens,23,Bengals,10,Ravens,home,13,33,51
297,Ravens,26,Bengals,10,Ravens,home,16,36,51
298,Ravens,9,Bengals,19,Bengals,away,-10,28,51
299,Ravens,20,Bengals,13,Ravens,home,7,33,51
300,Ravens,31,Bengals,37,Bengals,away,-6,68,51
301,Texans,14,Jaguars,13,Texans,home,1,27,52
302,Texans,20,Jaguars,10,Texans,home,10,30,52
303,Texans,38,Jaguars,21,Texans,home,17,59,52
304,Texans,20,Jaguars,45,Jaguars,away,-25,65,52
305,Texans,17,Jaguars,35,Jaguars,away,-18,52,52
306,Texans,14,Jaguars,41,Jaguars,away,-27,55,52
307,Texans,14,Jaguars,10,Texans,home,4,24,52
308,Texans,23,Jaguars,27,Jaguars,away,-4,50,52
309,Texans,19,Jaguars,13,Texans,home,6,32,52
310,Texans,38,Jaguars,6,Texans,home,32,44,52
311,Texans,27,Jaguars,20,Texans,home,7,47,52
312,Texans,17,Jaguars,24,Jaguars,away,-7,41,52
313,Texans,9,Jaguars,31,Jaguars,away,-22,40,52
314,Texans,45,Jaguars,20,Texans,home,25,65,52
315,Texans,16,Jaguars,28,Jaguars,away,-12,44,52
316,Texans,37,Jaguars,6,Texans,home,31,43,52
317,Texans,6,Jaguars,41,Jaguars,away,-35,47,52
318,Texans,23,Jaguars,13,Texans,home,10,36,52
319,Texans,17,Jaguars,23,Jaguars,away,-6,40,52
320,Texans,31,Jaguars,24,Texans,home,7,55,52
321,Texans,35,Jaguars,10,Texans,home,25,45,52
322,Texans,13,Jaguars,20,Jaguars,away,-7,33,52
323,Texans,41,Jaguars,10,Texans,home,31,51,52
324,Texans,21,Jaguars,20,Texans,home,1,41,52
325,Texans,27,Jaguars,3,Texans,home,24,30,52
326,Texans,14,Jaguars,31,Jaguars,away,-17,45,52
327,Texans,38,Jaguars,17,Texans,home,21,55,52
328,Texans,26,Jaguars,14,Texans,home,12,40,52
329,Texans,13,Jaguars,21,Jaguars,away,-8,34,52
330,Texans,28,Jaguars,27,Texans,home,1,55,52
331,Texans,17,Jaguars,37,Jaguars,away,-20,54,52
332,Texans,14,Jaguars,35,Jaguars,away,-21,49,52
333,Texans,17,Jaguars,55,Jaguars,away,-38,72,52
334,Texans,21,Jaguars,13,Texans,home,8,34,52
335,Texans,14,Jaguars,35,Jaguars,away,-21,49,52
336,Texans,20,Jaguars,17,Texans,home,3,37,52
337,Texans,23,Jaguars,14,Texans,home,9,37,52
338,Texans,10,Jaguars,13,Jaguars,away,-3,23,52
339,Texans,28,Jaguars,16,Texans,home,12,44,52
340,Texans,27,Jaguars,23,Texans,home,4,50,52
341,Texans,21,Jaguars,38,Jaguars,away,-17,59,52
342,Texans,19,Jaguars,14,Texans,home,5,33,52
343,Texans,17,Jaguars,34,Jaguars,away,-17,51,52
344,Texans,21,Jaguars,13,Texans,home,8,34,52
345,Texans,44,Jaguars,21,Texans,home,23,65,52
346,Texans,42,Jaguars,3,Texans,home,39,45,52
347,Texans,17,Jaguars,34,Jaguars,away,-17,51,52
348,Texans,42,Jaguars,10,Texans,home,32,52,52
349,Texans,42,Jaguars,14,Texans,home,28,56,52
350,Texans,31,Jaguars,19,Texans,home,12,50,52
351,Texans,24,Jaguars,20,Texans,home,4,44,52
352,Texans,22,Jaguars,10,Texans,home,12,32,52
353,Texans,27,Jaguars,19,Texans,home,8,46,52
354,Texans,31,Jaguars,19,Texans,home,12,50,52
355,Texans,45,Jaguars,21,Texans,home,24,66,52
356,Texans,24,Jaguars,13,Texans,home,11,37,52
357,Texans,24,Jaguars,17,Texans,home,7,41,52
358,Texans,3,Jaguars,45,Jaguars,away,-42,48,52
359,Texans,42,Jaguars,49,Jaguars,away,-7,91,52
360,Texans,14,Jaguars,17,Jaguars,away,-3,31,52
361,Texans,24,Jaguars,35,Jaguars,away,-11,59,52
362,Texans,42,Jaguars,27,Texans,home,15,69,52
363,Texans,16,Jaguars,20,Jaguars,away,-4,36,52
364,Texans,27,Jaguars,9,Texans,home,18,36,52
365,Texans,27,Jaguars,24,Texans,home,3,51,52
366,Texans,37,Jaguars,14,Texans,home,23,51,52
367,Texans,10,Jaguars,13,Jaguars,away,-3,23,52
368,Texans,7,Jaguars,24,Jaguars,away,-17,31,52
369,Texans,34,Jaguars,10,Texans,home,24,44,52
370,Texans,16,Jaguars,28,Jaguars,away,-12,44,52
371,Texans,19,Jaguars,9,Texans,home,10,28,52
372,Texans,28,Jaguars,0,Texans,home,28,28,52
373,Texans,20,Jaguars,28,Jaguars,away,-8,48,52
374,Texans,27,Jaguars,17,Texans,home,10,44,52
375,Texans,3,Jaguars,31,Jaguars,away,-28,34,52
376,Texans,16,Jaguars,14,Texans,home,2,30,52
377,Texans,24,Jaguars,21,Texans,home,3,45,52
378,Texans,38,Jaguars,31,Texans,home,7,69,52
379,Texans,34,Jaguars,26,Texans,home,8,60,52
380,Texans,38,Jaguars,7,Texans,home,31,45,52
381,Texans,27,Jaguars,10,Texans,home,17,37,52
382,Texans,20,Jaguars,17,Texans,home,3,37,52
383,Texans,41,Jaguars,14,Texans,home,27,55,52
384,Texans,37,Jaguars,34,Texans,home,3,71,52
385,Texans,19,Jaguars,34,Jaguars,away,-15,53,52
386,Texans,35,Jaguars,27,Texans,home,8,62,52
387,Texans,31,Jaguars,21,Texans,home,10,52,52
388,Texans,24,Jaguars,41,Jaguars,away,-17,65,52
389,Texans,42,Jaguars,13,Texans,home,29,55,52
390,Texans,44,Jaguars,23,Texans,home,21,67,52
391,Texans,7,Jaguars,28,Jaguars,away,-21,35,52
392,Texans,28,Jaguars,31,Jaguars,away,-3,59,52
393,Texans,33,Jaguars,13,Texans,home,20,46,52
394,Texans,6,Jaguars,13,Jaguars,away,-7,19,52
395,Texans,17,Jaguars,13,Texans,home,4,30,52
396,Texans,20,Jaguars,24,Jaguars,away,-4,44,52
397,Texans,24,Jaguars,34,Jaguars,away,-10,58,52
398,Texans,23,Jaguars,13,Texans,home,10,36,52
399,Texans,10,Jaguars,21,Jaguars,away,-11,31,52
400,Texans,14,Jaguars,20,Jaguars,away,-6,34,52
401,Chiefs,38,Raiders,0,Chiefs,home,38,38,53
402,Chiefs,6,Raiders,26,Raiders,away,-20,32,53
403,Chiefs,10,Raiders,23,Raiders,away,-13,33,53
404,Chiefs,24,Raiders,3,Chiefs,home,21,27,53
405,Chiefs,48,Raiders,7,Chiefs,home,41,55,53
406,Chiefs,24,Raiders,20,Chiefs,home,4,44,53
407,Chiefs,23,Raiders,26,Raiders,away,-3,49,53
408,Chiefs,23,Raiders,30,Raiders,away,-7,53,53
409,Chiefs,16,Raiders,31,Raiders,away,-15,47,53
410,Chiefs,31,Raiders,23,Chiefs,home,8,54,53
411,Chiefs,23,Raiders,10,Chiefs,home,13,33,53
412,Chiefs,27,Raiders,34,Raiders,away,-7,61,53
413,Chiefs,21,Raiders,20,Chiefs,home,1,41,53
414,Chiefs,24,Raiders,17,Chiefs,home,7,41,53
415,Chiefs,28,Raiders,24,Chiefs,home,4,52,53
416,Chiefs,24,Raiders,35,Raiders,away,-11,59,53
417,Chiefs,16,Raiders,24,Raiders,away,-8,40,53
418,Chiefs,30,Raiders,14,Chiefs,home,16,44,53
419,Chiefs,30,Raiders,13,Chiefs,home,17,43,53
420,Chiefs,13,Raiders,20,Raiders,away,-7,33,53
421,Chiefs,34,Raiders,13,Chiefs,home,21,47,53
422,Chiefs,24,Raiders,27,Raiders,away,-3,51,53
423,Chiefs,17,Raiders,20,Raiders,away,-3,37,53
424,Chiefs,38,Raiders,21,Chiefs,home,17,59,53
425,Chiefs,30,Raiders,21,Chiefs,home,9,51,53
426,Chiefs,24,Raiders,16,Chiefs,home,8,40,53
427,Chiefs,13,Raiders,9,Chiefs,home,4,22,53
428,Chiefs,38,Raiders,21,Chiefs,home,17,59,53
429,Chiefs,34,Raiders,30,Chiefs,home,4,64,53
430,Chiefs,10,Raiders,32,Raiders,away,-22,42,53
431,Chiefs,6,Raiders,40,Raiders,away,-34,46,53
432,Chiefs,43,Raiders,10,Chiefs,home,33,53,53
433,Chiefs,17,Raiders,44,Raiders,away,-27,61,53
434,Chiefs,30,Raiders,28,Chiefs,home,2,58,53
435,Chiefs,37,Raiders,31,Chiefs,home,6,68,53
436,Chiefs,29,Raiders,14,Chiefs,home,15,43,53
437,Chiefs,24,Raiders,13,Chiefs,home,11,37,53
438,Chiefs,28,Raiders,38,Raiders,away,-10,66,53
439,Chiefs,30,Raiders,14,Chiefs,home,16,44,53
440,Chiefs,10,Raiders,20,Raiders,away,-10,30,53
441,Chiefs,41,Raiders,10,Chiefs,home,31,51,53
442,Chiefs,17,Raiders,13,Chiefs,home,4,30,53
443,Chiefs,24,Raiders,0,Chiefs,home,24,24,53
444,Chiefs,3,Raiders,28,Raiders,away,-25,31,53
445,Chiefs,24,Raiders,20,Chiefs,home,4,44,53
446,Chiefs,37,Raiders,3,Chiefs,home,34,40,53
447,Chiefs,10,Raiders,13,Raiders,away,-3,23,53
448,Chiefs,30,Raiders,27,Chiefs,home,3,57,53
449,Chiefs,20,Raiders,27,Raiders,away,-7,47,53
450,Chiefs,17,Raiders,23,Raiders,away,-6,40,53
451,Chiefs,16,Raiders,24,Raiders,away,-8,40,53
452,Chiefs,30,Raiders,20,Chiefs,home,10,50,53
453,Chiefs,38,Raiders,24,Chiefs,home,14,62,53
454,Chiefs,31,Raiders,38,Raiders,away,-7,69,53
455,Chiefs,38,Raiders,17,Chiefs,home,21,55,53
456,Chiefs,22,Raiders,13,Chiefs,home,9,35,53
457,Chiefs,14,Raiders,30,Raiders,away,-16,44,53
458,Chiefs,27,Raiders,20,Chiefs,home,7,47,53
459,Chiefs,37,Raiders,6,Chiefs,home,31,43,53
460,Chiefs,24,Raiders,31,Raiders,away,-7,55,53
461,Chiefs,65,Raiders,17,Chiefs,home,48,82,53
462,Chiefs,13,Raiders,34,Raiders,away,-21,47,53
463,Chiefs,20,Raiders,13,Chiefs,home,7,33,53
464,Chiefs,40,Raiders,28,Chiefs,home,12,68,53
465,Chiefs,37,Raiders,28,Chiefs,home,9,65,53
466,Chiefs,20,Raiders,34,Raiders,away,-14,54,53
467,Chiefs,30,Raiders,16,Chiefs,home,14,46,53
468,Chiefs,34,Raiders,41,Raiders,away,-7,75,53
469,Chiefs,14,Raiders,30,Raiders,away,-16,44,53
470,Chiefs,35,Raiders,16,Chiefs,home,19,51,53
471,Chiefs,17,Raiders,27,Raiders,away,-10,44,53
472,Chiefs,30,Raiders,27,Chiefs,home,3,57,53
473,Chiefs,13,Raiders,23,Raiders,away,-10,36,53
474,Chiefs,31,Raiders,29,Chiefs,home,2,60,53
475,Chiefs,34,Raiders,20,Chiefs,home,14,54,53
476,Chiefs,31,Raiders,20,Chiefs,home,11,51,53
477,Chiefs,21,Raiders,35,Raiders,away,-14,56,53
478,Chiefs,37,Raiders,10,Chiefs,home,27,47,53
479,Chiefs,34,Raiders,42,Raiders,away,-8,76,53
480,Chiefs,23,Raiders,20,Chiefs,home,3,43,53
481,Chiefs,31,Raiders,13,Chiefs,home,18,44,53
482,Chiefs,26,Raiders,21,Chiefs,home,5,47,53
483,Chiefs,34,Raiders,10,Chiefs,home,24,44,53
484,Chiefs,23,Raiders,22,Chiefs,home,1,45,53
485,Chiefs,20,Raiders,30,Raiders,away,-10,50,53
486,Chiefs,38,Raiders,17,Chiefs,home,21,55,53
487,Chiefs,32,Raiders,17,Chiefs,home,15,49,53
488,Chiefs,6,Raiders,49,Raiders,away,-43,55,53
489,Chiefs,23,Raiders,30,Raiders,away,-7,53,53
490,Chiefs,12,Raiders,19,Raiders,away,-7,31,53
491,Chiefs,14,Raiders,35,Raiders,away,-21,49,53
492,Chiefs,24,Raiders,31,Raiders,away,-7,55,53
493,Chiefs,28,Raiders,16,Chiefs,home,12,44,53
494,Chiefs,22,Raiders,17,Chiefs,home,5,39,53
495,Chiefs,21,Raiders,20,Chiefs,home,1,41,53
496,Chiefs,27,Raiders,24,Chiefs,home,3,51,53
497,Chiefs,45,Raiders,13,Chiefs,home,32,58,53
498,Chiefs,30,Raiders,34,Raiders,away,-4,64,53
499,Chiefs,14,Raiders,13,Chiefs,home,1,27,53
500,Chiefs,41,Raiders,0,Chiefs,home,41,41,53
501,Patriots,13,Broncos,14,Broncos,away,-1,27,54
502,Patriots,16,Broncos,24,Broncos,away,-8,40,54
503,Patriots,9,Broncos,24,Broncos,away,-15,33,54
504,Patriots,31,Broncos,6,Patriots,home,25,37,54
505,Patriots,24,Broncos,34,Broncos,away,-10,58,54
506,Patriots,17,Broncos,10,Patriots,home,7,27,54
507,Patriots,47,Broncos,17,Patriots,home,30,64,54
508,Patriots,24,Broncos,27,Broncos,away,-3,51,54
509,Patriots,10,Broncos,17,Broncos,away,-7,27,54
510,Patriots,17,Broncos,21,Broncos,away,-4,38,54
511,Patriots,17,Broncos,13,Patriots,home,4,30,54
512,Patriots,17,Broncos,31,Broncos,away,-14,48,54
513,Patriots,17,Broncos,10,Patriots,home,7,27,54
514,Patriots,35,Broncos,14,Patriots,home,21,49,54
515,Patriots,19,Broncos,28,Broncos,away,-9,47,54
516,Patriots,30,Broncos,24,Patriots,home,6,54,54
517,Patriots,14,Broncos,22,Broncos,away,-8,36,54
518,Patriots,20,Broncos,27,Broncos,away,-7,47,54
519,Patriots,39,Broncos,0,Patriots,home,39,39,54
520,Patriots,12,Broncos,14,Broncos,away,-2,26,54
521,Patriots,17,Broncos,9,Patriots,home,8,26,54
522,Patriots,23,Broncos,0,Patriots,home,23,23,54
523,Patriots,10,Broncos,28,Broncos,away,-18,38,54
524,Patriots,0,Broncos,31,Broncos,away,-31,31,54
525,Patriots,20,Broncos,28,Broncos,away,-8,48,54
526,Patriots,30,Broncos,3,Patriots,home,27,33,54
527,Patriots,31,Broncos,17,Patriots,home,14,48,54
528,Patriots,19,Broncos,28,Broncos,away,-9,47,54
529,Patriots,23,Broncos,17,Patriots,home,6,40,54
530,Patriots,6,Broncos,34,Broncos,away,-28,40,54
531,Patriots,27,Broncos,28,Broncos,away,-1,55,54
532,Patriots,24,Broncos,10,Patriots,home,14,34,54
533,Patriots,3,Broncos,16,Broncos,away,-13,19,54
534,Patriots,21,Broncos,37,Broncos,away,-16,58,54
535,Patriots,13,Broncos,26,Broncos,away,-13,39,54
536,Patriots,16,Broncos,24,Broncos,away,-8,40,54
537,Patriots,10,Broncos,24,Broncos,away,-14,34,54
538,Patriots,13,Broncos,0,Patriots,home,13,13,54
539,Patriots,31,Broncos,28,Patriots,home,3,59,54
540,Patriots,31,Broncos,21,Patriots,home,10,52,54
541,Patriots,30,Broncos,21,Patriots,home,9,51,54
542,Patriots,31,Broncos,24,Patriots,home,7,55,54
543,Patriots,29,Broncos,10,Patriots,home,19,39,54
544,Patriots,19,Broncos,16,Patriots,home,3,35,54
545,Patriots,23,Broncos,10,Patriots,home,13,33,54
546,Patriots,34,Broncos,20,Patriots,home,14,54,54
547,Patriots,27,Broncos,19,Patriots,home,8,46,54
548,Patriots,40,Broncos,17,Patriots,home,23,57,54
549,Patriots,16,Broncos,3,Patriots,home,13,19,54
550,Patriots,7,Broncos,20,Broncos,away,-13,27,54
551,Patriots,29,Broncos,33,Broncos,away,-4,62,54
552,Patriots,0,Broncos,13,Broncos,away,-13,13,54
553,Patriots,21,Broncos,34,Broncos,away,-13,55,54
554,Patriots,17,Broncos,27,Broncos,away,-10,44,54
555,Patriots,17,Broncos,13,Patriots,home,4,30,54
556,Patriots,20,Broncos,13,Patriots,home,7,33,54
557,Patriots,17,Broncos,23,Broncos,away,-6,40,54
558,Patriots,24,Broncos,34,Broncos,away,-10,58,54
559,Patriots,20,Broncos,24,Broncos,away,-4,44,54
560,Patriots,7,Broncos,23,Broncos,away,-16,30,54
561,Patriots,16,Broncos,13,Patriots,home,3,29,54
562,Patriots,30,Broncos,31,Broncos,away,-1,61,54
563,Patriots,34,Broncos,14,Patriots,home,20,48,54
564,Patriots,7,Broncos,12,Broncos,away,-5,19,54
565,Patriots,27,Broncos,21,Patriots,home,6,48,54
566,Patriots,30,Broncos,3,Patriots,home,27,33,54
567,Patriots,7,Broncos,38,Broncos,away,-31,45,54
568,Patriots,34,Broncos,30,Patriots,home,4,64,54
569,Patriots,21,Broncos,13,Patriots,home,8,34,54
570,Patriots,27,Broncos,14,Patriots,home,13,41,54
571,Patriots,20,Broncos,17,Patriots,home,3,37,54
572,Patriots,24,Broncos,13,Patriots,home,11,37,54
573,Patriots,10,Broncos,27,Broncos,away,-17,37,54
574,Patriots,3,Broncos,9,Broncos,away,-6,12,54
575,Patriots,24,Broncos,20,Patriots,home,4,44,54
576,Patriots,24,Broncos,20,Patriots,home,4,44,54
577,Patriots,3,Broncos,38,Broncos,away,-35,41,54
578,Patriots,21,Broncos,13,Patriots,home,8,34,54
579,Patriots,3,Broncos,29,Broncos,away,-26,32,54
580,Patriots,16,Broncos,7,Patriots,home,9,23,54
581,Patriots,23,Broncos,27,Broncos,away,-4,50,54
582,Patriots,10,Broncos,30,Broncos,away,-20,40,54
583,Patriots,27,Broncos,3,Patriots,home,24,30,54
584,Patriots,21,Broncos,41,Broncos,away,-20,62,54
585,Patriots,20,Broncos,6,Patriots,home,14,26,54
586,Patriots,19,Broncos,16,Patriots,home,3,35,54
587,Patriots,17,Broncos,0,Patriots,home,17,17,54
588,Patriots,7,Broncos,27,Broncos,away,-20,34,54
589,Patriots,45,Broncos,10,Patriots,home,35,55,54
590,Patriots,10,Broncos,20,Broncos,away,-10,30,54
591,Patriots,27,Broncos,6,Patriots,home,21,33,54
592,Patriots,21,Broncos,10,Patriots,home,11,31,54
593,Patriots,42,Broncos,21,Patriots,home,21,63,54
594,Patriots,14,Broncos,3,Patriots,home,11,17,54
595,Patriots,27,Broncos,17,Patriots,home,10,44,54
596,Patriots,24,Broncos,16,Patriots,home,8,40,54
597,Patriots,23,Broncos,16,Patriots,home,7,39,54
598,Patriots,17,Broncos,9,Patriots,home,8,26,54
599,Patriots,54,Broncos,13,Patriots,home,41,67,54
600,Patriots,14,Broncos,6,Patriots,home,8,20,54
601,Jets,24,Cardinals,35,Cardinals,away,-11,59,55
602,Jets,24,Cardinals,27,Cardinals,away,-3,51,55
603,Jets,13,Cardinals,21,Cardinals,away,-8,34,55
604,Jets,18,Cardinals,14,Jets,home,4,32,55
605,Jets,13,Cardinals,17,Cardinals,away,-4,30,55
606,Jets,21,Cardinals,30,Cardinals,away,-9,51,55
607,Jets,6,Cardinals,16,Cardinals,away,-10,22,55
608,Jets,6,Cardinals,23,Cardinals,away,-17,29,55
609,Jets,23,Cardinals,26,Cardinals,away,-3,49,55
610,Jets,14,Cardinals,37,Cardinals,away,-23,51,55
611,Jets,13,Cardinals,49,Cardinals,away,-36,62,55
612,Jets,29,Cardinals,7,Jets,home,22,36,55
613,Jets,24,Cardinals,20,Jets,home,4,44,55
614,Jets,26,Cardinals,24,Jets,home,2,50,55
615,Jets,0,Cardinals,30,Cardinals,away,-30,30,55
616,Jets,13,Cardinals,24,Cardinals,away,-11,37,55
617,Jets,6,Cardinals,10,Cardinals,away,-4,16,55
618,Jets,10,Cardinals,27,Cardinals,away,-17,37,55
619,Jets,13,Cardinals,16,Cardinals,away,-3,29,55
620,Jets,30,Cardinals,17,Jets,home,13,47,55
621,Jets,9,Cardinals,27,Cardinals,away,-18,36,55
622,Jets,13,Cardinals,23,Cardinals,away,-10,36,55
623,Jets,10,Cardinals,26,Cardinals,away,-16,36,55
624,Jets,13,Cardinals,7,Jets,home,6,20,55
625,Jets,23,Cardinals,20,Jets,home,3,43,55
626,Jets,24,Cardinals,38,Cardinals,away,-14,62,55
627,Jets,21,Cardinals,30,Cardinals,away,-9,51,55
628,Jets,10,Cardinals,34,Cardinals,away,-24,44,55
629,Jets,13,Cardinals,23,Cardinals,away,-10,36,55
630,Jets,9,Cardinals,16,Cardinals,away,-7,25,55
631,Jets,26,Cardinals,28,Cardinals,away,-2,54,55
632,Jets,14,Cardinals,31,Cardinals,away,-17,45,55
633,Jets,13,Cardinals,34,Cardinals,away,-21,47,55
634,Jets,10,Cardinals,41,Cardinals,away,-31,51,55
635,Jets,14,Cardinals,16,Cardinals,away,-2,30,55
636,Jets,13,Cardinals,38,Cardinals,away,-25,51,55
637,Jets,20,Cardinals,21,Cardinals,away,-1,41,55
638,Jets,13,Cardinals,14,Cardinals,away,-1,27,55
639,Jets,17,Cardinals,20,Cardinals,away,-3,37,55
640,Jets,20,Cardinals,35,Cardinals,away,-15,55,55
641,Jets,16,Cardinals,19,Cardinals,away,-3,35,55
642,Jets,30,Cardinals,23,Jets,home,7,53,55
643,Jets,10,Cardinals,17,Cardinals,away,-7,27,55
644,Jets,30,Cardinals,24,Jets,home,6,54,55
645,Jets,10,Cardinals,24,Cardinals,away,-14,34,55
646,Jets,20,Cardinals,22,Cardinals,away,-2,42,55
647,Jets,6,Cardinals,20,Cardinals,away,-14,26,55
648,Jets,10,Cardinals,29,Cardinals,away,-19,39,55
649,Jets,22,Cardinals,16,Jets,home,6,38,55
650,Jets,23,Cardinals,38,Cardinals,away,-15,61,55
651,Jets,20,Cardinals,21,Cardinals,away,-1,41,55
652,Jets,12,Cardinals,28,Cardinals,away,-16,40,55
653,Jets,10,Cardinals,30,Cardinals,away,-20,40,55
654,Jets,34,Cardinals,23,Jets,home,11,57,55
655,Jets,15,Cardinals,45,Cardinals,away,-30,60,55
656,Jets,11,Cardinals,21,Cardinals,away,-10,32,55
657,Jets,23,Cardinals,17,Jets,home,6,40,55
658,Jets,27,Cardinals,10,Jets,home,17,37,55
659,Jets,20,Cardinals,24,Cardinals,away,-4,44,55
660,Jets,3,Cardinals,28,Cardinals,away,-25,31,55
661,Jets,7,Cardinals,16,Cardinals,away,-9,23,55
662,Jets,6,Cardinals,20,Cardinals,away,-14,26,55
663,Jets,12,Cardinals,23,Cardinals,away,-11,35,55
664,Jets,30,Cardinals,10,Jets,home,20,40,55
665,Jets,6,Cardinals,27,Cardinals,away,-21,33,55
666,Jets,30,Cardinals,45,Cardinals,away,-15,75,55
667,Jets,10,Cardinals,27,Cardinals,away,-17,37,55
668,Jets,3,Cardinals,19,Cardinals,away,-16,22,55
669,Jets,30,Cardinals,24,Jets,home,6,54,55
670,Jets,13,Cardinals,27,Cardinals,away,-14,40,55
671,Jets,10,Cardinals,30,Cardinals,away,-20,40,55
672,Jets,3,Cardinals,28,Cardinals,away,-25,31,55
673,Jets,27,Cardinals,23,Jets,home,4,50,55
674,Jets,19,Cardinals,20,Cardinals,away,-1,39,55
675,Jets,20,Cardinals,24,Cardinals,away,-4,44,55
676,Jets,13,Cardinals,37,Cardinals,away,-24,50,55
677,Jets,7,Cardinals,48,Cardinals,away,-41,55,55
678,Jets,23,Cardinals,0,Jets,home,23,23,55
679,Jets,41,Cardinals,21,Jets,home,20,62,55
680,Jets,6,Cardinals,28,Cardinals,away,-22,34,55
681,Jets,17,Cardinals,24,Cardinals,away,-7,41,55
682,Jets,9,Cardinals,20,Cardinals,away,-11,29,55
683,Jets,12,Cardinals,7,Jets,home,5,19,55
684,Jets,10,Cardinals,9,Jets,home,1,19,55
685,Jets,17,Cardinals,7,Jets,home,10,24,55
686,Jets,17,Cardinals,37,Cardinals,away,-20,54,55
687,Jets,13,Cardinals,20,Cardinals,away,-7,33,55
688,Jets,10,Cardinals,31,Cardinals,away,-21,41,55
689,Jets,19,Cardinals,26,Cardinals,away,-7,45,55
690,Jets,29,Cardinals,6,Jets,home,23,35,55
691,Jets,13,Cardinals,10,Jets,home,3,23,55
692,Jets,6,Cardinals,13,Cardinals,away,-7,19,55
693,Jets,28,Cardinals,45,Cardinals,away,-17,73,55
694,Jets,7,Cardinals,20,Cardinals,away,-13,27,55
695,Jets,30,Cardinals,10,Jets,home,20,40,55
696,Jets,17,Cardinals,49,Cardinals,away,-32,66,55
697,Jets,21,Cardinals,26,Cardinals,away,-5,47,55
698,Jets,13,Cardinals,38,Cardinals,away,-25,51,55
699,Jets,24,Cardinals,20,Jets,home,4,44,55
700,Jets,13,Cardinals,21,Cardinals,away,-8,34,55
701,Steelers,27,Eagles,3,Steelers,home,24,30,56
702,Steelers,31,Eagles,13,Steelers,home,18,44,56
703,Steelers,20,Eagles,9,Steelers,home,11,29,56
704,Steelers,29,Eagles,0,Steelers,home,29,29,56
705,Steelers,17,Eagles,0,Steelers,home,17,17,56
706,Steelers,26,Eagles,7,Steelers,home,19,33,56
707,Steelers,34,Eagles,19,Steelers,home,15,53,56
708,Steelers,31,Eagles,0,Steelers,home,31,31,56
709,Steelers,41,Eagles,17,Steelers,home,24,58,56
710,Steelers,41,Eagles,12,Steelers,home,29,53,56
711,Steelers,34,Eagles,20,Steelers,home,14,54,56
712,Steelers,34,Eagles,10,Steelers,home,24,44,56
713,Steelers,12,Eagles,13,Eagles,away,-1,25,56
714,Steelers,33,Eagles,17,Steelers,home,16,50,56
715,Steelers,10,Eagles,20,Eagles,away,-10,30,56
716,Steelers,17,Eagles,28,Eagles,away,-11,45,56
717,Steelers,59,Eagles,7,Steelers,home,52,66,56
718,Steelers,13,Eagles,6,Steelers,home,7,19,56
719,Steelers,20,Eagles,17,Steelers,home,3,37,56
720,Steelers,29,Eagles,3,Steelers,home,26,32,56
721,Steelers,27,Eagles,20,Steelers,home,7,47,56
722,Steelers,33,Eagles,13,Steelers,home,20,46,56
723,Steelers,40,Eagles,0,Steelers,home,40,40,56
724,Steelers,31,Eagles,10,Steelers,home,21,41,56
725,Steelers,30,Eagles,10,Steelers,home,20,40,56
726,Steelers,36,Eagles,10,Steelers,home,26,46,56
727,Steelers,30,Eagles,31,Eagles,away,-1,61,56
728,Steelers,10,Eagles,3,Steelers,home,7,13,56
729,Steelers,27,Eagles,6,Steelers,home,21,33,56
730,Steelers,19,Eagles,16,Steelers,home,3,35,56
731,Steelers,27,Eagles,16,Steelers,home,11,43,56
732,Steelers,30,Eagles,3,Steelers,home,27,33,56
733,Steelers,27,Eagles,10,Steelers,home,17,37,56
734,Steelers,16,Eagles,14,Steelers,home,2,30,56
735,Steelers,19,Eagles,20,Eagles,away,-1,39,56
736,Steelers,26,Eagles,6,Steelers,home,20,32,56
737,Steelers,27,Eagles,9,Steelers,home,18,36,56
738,Steelers,33,Eagles,12,Steelers,home,21,45,56
739,Steelers,34,Eagles,16,Steelers,home,18,50,56
740,Steelers,39,Eagles,17,Steelers,home,22,56,56
741,Steelers,19,Eagles,14,Steelers,home,5,33,56
742,Steelers,26,Eagles,3,Steelers,home,23,29,56
743,Steelers,34,Eagles,17,Steelers,home,17,51,56
744,Steelers,29,Eagles,25,Steelers,home,4,54,56
745,Steelers,23,Eagles,13,Steelers,home,10,36,56
746,Steelers,66,Eagles,10,Steelers,home,56,76,56
747,Steelers,23,Eagles,7,Steelers,home,16,30,56
748,Steelers,30,Eagles,10,Steelers,home,20,40,56
749,Steelers,27,Eagles,10,Steelers,home,17,37,56
750,Steelers,19,Eagles,6,Steelers,home,13,25,56
751,Steelers,31,Eagles,38,Eagles,away,-7,69,56
752,Steelers,15,Eagles,26,Eagles,away,-11,41,56
753,Steelers,28,Eagles,0,Steelers,home,28,28,56
754,Steelers,17,Eagles,16,Steelers,home,1,33,56
755,Steelers,31,Eagles,17,Steelers,home,14,48,56
756,Steelers,34,Eagles,6,Steelers,home,28,40,56
757,Steelers,30,Eagles,14,Steelers,home,16,44,56
758,Steelers,24,Eagles,31,Eagles,away,-7,55,56
759,Steelers,19,Eagles,0,Steelers,home,19,19,56
760,Steelers,24,Eagles,16,Steelers,home,8,40,56
761,Steelers,9,Eagles,10,Eagles,away,-1,19,56
762,Steelers,34,Eagles,3,Steelers,home,31,37,56
763,Steelers,24,Eagles,17,Steelers,home,7,41,56
764,Steelers,20,Eagles,14,Steelers,home,6,34,56
765,Steelers,27,Eagles,13,Steelers,home,14,40,56
766,Steelers,20,Eagles,14,Steelers,home,6,34,56
767,Steelers,34,Eagles,17,Steelers,home,17,51,56
768,Steelers,3,Eagles,24,Eagles,away,-21,27,56
769,Steelers,19,Eagles,14,Steelers,home,5,33,56
770,Steelers,38,Eagles,20,Steelers,home,18,58,56
771,Steelers,43,Eagles,17,Steelers,home,26,60,56
772,Steelers,20,Eagles,0,Steelers,home,20,20,56
773,Steelers,34,Eagles,21,Steelers,home,13,55,56
774,Steelers,27,Eagles,0,Steelers,home,27,27,56
775,Steelers,23,Eagles,10,Steelers,home,13,33,56
776,Steelers,16,Eagles,45,Eagles,away,-29,61,56
777,Steelers,30,Eagles,10,Steelers,home,20,40,56
778,Steelers,29,Eagles,10,Steelers,home,19,39,56
779,Steelers,23,Eagles,13,Steelers,home,10,36,56
780,Steelers,9,Eagles,21,Eagles,away,-12,30,56
781,Steelers,57,Eagles,0,Steelers,home,57,57,56
782,Steelers,16,Eagles,30,Eagles,away,-14,46,56
783,Steelers,13,Eagles,16,Eagles,away,-3,29,56
784,Steelers,38,Eagles,0,Steelers,home,38,38,56
785,Steelers,26,Eagles,19,Steelers,home,7,45,56
786,Steelers,24,Eagles,20,Steelers,home,4,44,56
787,Steelers,30,Eagles,9,Steelers,home,21,39,56
788,Steelers,27,Eagles,20,Steelers,home,7,47,56
789,Steelers,7,Eagles,13,Eagles,away,-6,20,56
790,Steelers,24,Eagles,28,Eagles,away,-4,52,56
791,Steelers,19,Eagles,7,Steelers,home,12,26,56
792,Steelers,24,Eagles,16,Steelers,home,8,40,56
793,Steelers,30,Eagles,19,Steelers,home,11,49,56
794,Steelers,23,Eagles,10,Steelers,home,13,33,56
795,Steelers,3,Eagles,17,Eagles,away,-14,20,56
796,Steelers,29,Eagles,7,Steelers,home,22,36,56
797,Steelers,44,Eagles,17,Steelers,home,27,61,56
798,Steelers,12,Eagles,13,Eagles,away,-1,25,56
799,Steelers,33,Eagles,13,Steelers,home,20,46,56
800,Steelers,13,Eagles,9,Steelers,home,4,22,56
801,Titans,9,Bills,48,Bills,away,-39,57,57
802,Titans,17,Bills,30,Bills,away,-13,47,57
803,Titans,13,Bills,24,Bills,away,-11,37,57
804,Titans,20,Bills,21,Bills,away,-1,41,57
805,Titans,19,Bills,21,Bills,away,-2,40,57
806,Titans,23,Bills,35,Bills,away,-12,58,57
807,Titans,23,Bills,24,Bills,away,-1,47,57
808,Titans,24,Bills,20,Titans,home,4,44,57
809,Titans,19,Bills,21,Bills,away,-2,40,57
810,Titans,9,Bills,28,Bills,away,-19,37,57
811,Titans,19,Bills,14,Titans,home,5,33,57
812,Titans,27,Bills,34,Bills,away,-7,61,57
813,Titans,27,Bills,28,Bills,away,-1,55,57
814,Titans,10,Bills,24,Bills,away,-14,34,57
815,Titans,6,Bills,48,Bills,away,-42,54,57
816,Titans,20,Bills,28,Bills,away,-8,48,57
817,Titans,21,Bills,17,Titans,home,4,38,57
818,Titans,26,Bills,17,Titans,home,9,43,57
819,Titans,30,Bills,35,Bills,away,-5,65,57
820,Titans,17,Bills,45,Bills,away,-28,62,57
821,Titans,0,Bills,20,Bills,away,-20,20,57
822,Titans,7,Bills,36,Bills,away,-29,43,57
823,Titans,17,Bills,30,Bills,away,-13,47,57
824,Titans,0,Bills,34,Bills,away,-34,34,57
825,Titans,14,Bills,44,Bills,away,-30,58,57
826,Titans,20,Bills,21,Bills,away,-1,41,57
827,Titans,7,Bills,52,Bills,away,-45,59,57
828,Titans,13,Bills,34,Bills,away,-21,47,57
829,Titans,17,Bills,13,Titans,home,4,30,57
830,Titans,42,Bills,30,Titans,home,12,72,57
831,Titans,10,Bills,41,Bills,away,-31,51,57
832,Titans,10,Bills,27,Bills,away,-17,37,57
833,Titans,17,Bills,42,Bills,away,-25,59,57
834,Titans,10,Bills,24,Bills,away,-14,34,57
835,Titans,7,Bills,42,Bills,away,-35,49,57
836,Titans,16,Bills,31,Bills,away,-15,47,57
837,Titans,24,Bills,35,Bills,away,-11,59,57
838,Titans,20,Bills,34,Bills,away,-14,54,57
839,Titans,19,Bills,27,Bills,away,-8,46,57
840,Titans,9,Bills,23,Bills,away,-14,32,57
841,Titans,17,Bills,13,Titans,home,4,30,57
842,Titans,9,Bills,38,Bills,away,-29,47,57
843,Titans,20,Bills,35,Bills,away,-15,55,57
844,Titans,30,Bills,37,Bills,away,-7,67,57
845,Titans,24,Bills,21,Titans,home,3,45,57
846,Titans,29,Bills,24,Titans,home,5,53,57
847,Titans,35,Bills,28,Titans,home,7,63,57
848,Titans,16,Bills,30,Bills,away,-14,46,57
849,Titans,23,Bills,45,Bills,away,-22,68,57
850,Titans,23,Bills,56,Bills,away,-33,79,57
851,Titans,7,Bills,38,Bills,away,-31,45,57
852,Titans,20,Bills,37,Bills,away,-17,57,57
853,Titans,27,Bills,41,Bills,away,-14,68,57
854,Titans,20,Bills,31,Bills,away,-11,51,57
855,Titans,21,Bills,24,Bills,away,-3,45,57
856,Titans,10,Bills,27,Bills,away,-17,37,57
857,Titans,24,Bills,38,Bills,away,-14,62,57
858,Titans,13,Bills,24,Bills,away,-11,37,57
859,Titans,33,Bills,29,Titans,home,4,62,57
860,Titans,28,Bills,31,Bills,away,-3,59,57
861,Titans,33,Bills,45,Bills,away,-12,78,57
862,Titans,20,Bills,24,Bills,away,-4,44,57
863,Titans,13,Bills,21,Bills,away,-8,34,57
864,Titans,33,Bills,28,Titans,home,5,61,57
865,Titans,28,Bills,19,Titans,home,9,47,57
866,Titans,31,Bills,38,Bills,away,-7,69,57
867,Titans,24,Bills,42,Bills,away,-18,66,57
868,Titans,37,Bills,27,Titans,home,10,64,57
869,Titans,22,Bills,28,Bills,away,-6,50,57
870,Titans,6,Bills,10,Bills,away,-4,16,57
871,Titans,10,Bills,14,Bills,away,-4,24,57
872,Titans,31,Bills,34,Bills,away,-3,65,57
873,Titans,31,Bills,35,Bills,away,-4,66,57
874,Titans,17,Bills,13,Titans,home,4,30,57
875,Titans,30,Bills,22,Titans,home,8,52,57
876,Titans,17,Bills,37,Bills,away,-20,54,57
877,Titans,19,Bills,13,Titans,home,6,32,57
878,Titans,20,Bills,10,Titans,home,10,30,57
879,Titans,31,Bills,27,Titans,home,4,58,57
880,Titans,21,Bills,28,Bills,away,-7,49,57
881,Titans,24,Bills,27,Bills,away,-3,51,57
882,Titans,34,Bills,21,Titans,home,13,55,57
883,Titans,24,Bills,44,Bills,away,-20,68,57
884,Titans,0,Bills,34,Bills,away,-34,34,57
885,Titans,14,Bills,41,Bills,away,-27,55,57
886,Titans,21,Bills,23,Bills,away,-2,44,57
887,Titans,20,Bills,16,Titans,home,4,36,57
888,Titans,6,Bills,55,Bills,away,-49,61,57
889,Titans,17,Bills,38,Bills,away,-21,55,57
890,Titans,17,Bills,40,Bills,away,-23,57,57
891,Titans,9,Bills,41,Bills,away,-32,50,57
892,Titans,23,Bills,7,Titans,home,16,30,57
893,Titans,35,Bills,24,Titans,home,11,59,57
894,Titans,29,Bills,38,Bills,away,-9,67,57
895,Titans,24,Bills,28,Bills,away,-4,52,57
896,Titans,19,Bills,24,Bills,away,-5,43,57
897,Titans,21,Bills,28,Bills,away,-7,49,57
898,Titans,34,Bills,24,Titans,home,10,58,57
899,Titans,3,Bills,31,Bills,away,-28,34,57
900,Titans,23,Bills,20,Titans,home,3,43,57
901,Redskins,7,Rams,34,Rams,away,-27,41,58
902,Redskins,14,Rams,38,Rams,away,-24,52,58
903,Redskins,10,Rams,24,Rams,away,-14,34,58
904,Redskins,10,Rams,17,Rams,away,-7,27,58
905,Redskins,20,Rams,14,Redskins,home,6,34,58
906,Redskins,7,Rams,45,Rams,away,-38,52,58
907,Redskins,31,Rams,19,Redskins,home,12,50,58
908,Redskins,9,Rams,28,Rams,away,-19,37,58
909,Redskins,3,Rams,30,Rams,away,-27,33,58
910,Redskins,10,Rams,24,Rams,away,-14,34,58
911,Redskins,14,Rams,26,Rams,away,-12,40,58
912,Redskins,7,Rams,51,Rams,away,-44,58,58
913,Redskins,23,Rams,27,Rams,away,-4,50,58
914,Redskins,21,Rams,34,Rams,away,-13,55,58
915,Redskins,21,Rams,24,Rams,away,-3,45,58
916,Redskins,28,Rams,31,Rams,away,-3,59,58
917,Redskins,21,Rams,16,Redskins,home,5,37,58
918,Redskins,10,Rams,34,Rams,away,-24,44,58
919,Redskins,10,Rams,23,Rams,away,-13,33,58
920,Redskins,10,Rams,35,Rams,away,-25,45,58
921,Redskins,16,Rams,20,Rams,away,-4,36,58
922,Redskins,7,Rams,41,Rams,away,-34,48,58
923,Redskins,14,Rams,40,Rams,away,-26,54,58
924,Redskins,16,Rams,34,Rams,away,-18,50,58
925,Redskins,13,Rams,38,Rams,away,-25,51,58
926,Redskins,10,Rams,30,Rams,away,-20,40,58
927,Redskins,6,Rams,21,Rams,away,-15,27,58
928,Redskins,31,Rams,21,Redskins,home,10,52,58
929,Redskins,10,Rams,30,Rams,away,-20,40,58
930,Redskins,16,Rams,9,Redskins,home,7,25,58
931,Redskins,0,Rams,38,Rams,away,-38,38,58
932,Redskins,14,Rams,30,Rams,away,-16,44,58
933,Redskins,13,Rams,28,Rams,away,-15,41,58
934,Redskins,14,Rams,27,Rams,away,-13,41,58
935,Redskins,9,Rams,0,Redskins,home,9,9,58
936,Redskins,24,Rams,17,Redskins,home,7,41,58
937,Redskins,0,Rams,26,Rams,away,-26,26,58
938,Redskins,3,Rams,24,Rams,away,-21,27,58
939,Redskins,21,Rams,17,Redskins,home,4,38,58
940,Redskins,7,Rams,24,Rams,away,-17,31,58
941,Redskins,23,Rams,27,Rams,away,-4,50,58
942,Redskins,38,Rams,24,Redskins,home,14,62,58
943,Redskins,17,Rams,28,Rams,away,-11,45,58
944,Redskins,17,Rams,44,Rams,away,-27,61,58
945,Redskins,7,Rams,38,Rams,away,-31,45,58
946,Redskins,0,Rams,30,Rams,away,-30,30,58
947,Redskins,3,Rams,20,Rams,away,-17,23,58
948,Redskins,10,Rams,20,Rams,away,-10,30,58
949,Redskins,3,Rams,40,Rams,away,-37,43,58
950,Redskins,0,Rams,21,Rams,away,-21,21,58
951,Redskins,24,Rams,21,Redskins,home,3,45,58
952,Redskins,34,Rams,38,Rams,away,-4,72,58
953,Redskins,0,Rams,37,Rams,away,-37,37,58
954,Redskins,23,Rams,21,Redskins,home,2,44,58
955,Redskins,10,Rams,30,Rams,away,-20,40,58
956,Redskins,14,Rams,30,Rams,away,-16,44,58
957,Redskins,10,Rams,20,Rams,away,-10,30,58
958,Redskins,14,Rams,41,Rams,away,-27,55,58
959,Redskins,3,Rams,23,Rams,away,-20,26,58
960,Redskins,7,Rams,20,Rams,away,-13,27,58
961,Redskins,14,Rams,28,Rams,away,-14,42,58
962,Redskins,0,Rams,23,Rams,away,-23,23,58
963,Redskins,19,Rams,3,Redskins,home,16,22,58
964,Redskins,7,Rams,37,Rams,away,-30,44,58
965,Redskins,6,Rams,37,Rams,away,-31,43,58
966,Redskins,14,Rams,20,Rams,away,-6,34,58
967,Redskins,28,Rams,35,Rams,away,-7,63,58
968,Redskins,10,Rams,16,Rams,away,-6,26,58
969,Redskins,17,Rams,31,Rams,away,-14,48,58
970,Redskins,14,Rams,13,Redskins,home,1,27,58
971,Redskins,7,Rams,33,Rams,away,-26,40,58
972,Redskins,7,Rams,20,Rams,away,-13,27,58
973,Redskins,27,Rams,17,Redskins,home,10,44,58
974,Redskins,23,Rams,10,Redskins,home,13,33,58
975,Redskins,14,Rams,7,Redskins,home,7,21,58
976,Redskins,7,Rams,24,Rams,away,-17,31,58
977,Redskins,14,Rams,24,Rams,away,-10,38,58
978,Redskins,3,Rams,10,Rams,away,-7,13,58
979,Redskins,17,Rams,28,Rams,away,-11,45,58
980,Redskins,21,Rams,42,Rams,away,-21,63,58
981,Redskins,3,Rams,31,Rams,away,-28,34,58
982,Redskins,24,Rams,14,Redskins,home,10,38,58
983,Redskins,6,Rams,34,Rams,away,-28,40,58
984,Redskins,21,Rams,20,Redskins,home,1,41,58
985,Redskins,7,Rams,9,Rams,away,-2,16,58
986,Redskins,30,Rams,38,Rams,away,-8,68,58
987,Redskins,13,Rams,17,Rams,away,-4,30,58
988,Redskins,17,Rams,20,Rams,away,-3,37,58
989,Redskins,7,Rams,20,Rams,away,-13,27,58
990,Redskins,14,Rams,23,Rams,away,-9,37,58
991,Redskins,21,Rams,27,Rams,away,-6,48,58
992,Redskins,21,Rams,14,Redskins,home,7,35,58
993,Redskins,14,Rams,30,Rams,away,-16,44,58
994,Redskins,0,Rams,34,Rams,away,-34,34,58
995,Redskins,13,Rams,31,Rams,away,-18,44,58
996,Redskins,21,Rams,16,Redskins,home,5,37,58
997,Redskins,20,Rams,16,Redskins,home,4,36,58
998,Redskins,3,Rams,34,Rams,away,-31,37,58
999,Redskins,7,Rams,19,Rams,away,-12,26,58
1000,Redskins,7,Rams,20,Rams,away,-13,27,58
1001,49ers,48,Dolphins,13,49ers,home,35,61,59
1002,49ers,36,Dolphins,6,49ers,home,30,42,59
1003,49ers,27,Dolphins,14,49ers,home,13,41,59
1004,49ers,55,Dolphins,20,49ers,home,35,75,59
1005,49ers,45,Dolphins,16,49ers,home,29,61,59
1006,49ers,27,Dolphins,10,49ers,home,17,37,59
1007,49ers,52,Dolphins,6,49ers,home,46,58,59
1008,49ers,49,Dolphins,3,49ers,home,46,52,59
1009,49ers,27,Dolphins,23,49ers,home,4,50,59
1010,49ers,33,Dolphins,6,49ers,home,27,39,59
1011,49ers,17,Dolphins,7,49ers,home,10,24,59
1012,49ers,14,Dolphins,30,Dolphins,away,-16,44,59
1013,49ers,45,Dolphins,24,49ers,home,21,69,59
1014,49ers,34,Dolphins,7,49ers,home,27,41,59
1015,49ers,44,Dolphins,10,49ers,home,34,54,59
1016,49ers,30,Dolphins,19,49ers,home,11,49,59
1017,49ers,34,Dolphins,23,49ers,home,11,57,59
1018,49ers,21,Dolphins,22,Dolphins,away,-1,43,59
1019,49ers,33,Dolphins,17,49ers,home,16,50,59
1020,49ers,23,Dolphins,33,Dolphins,away,-10,56,59
1021,49ers,30,Dolphins,16,49ers,home,14,46,59
1022,49ers,37,Dolphins,6,49ers,home,31,43,59
1023,49ers,23,Dolphins,21,49ers,home,2,44,59
1024,49ers,24,Dolphins,17,49ers,home,7,41,59
1025,49ers,21,Dolphins,30,Dolphins,away,-9,51,59
1026,49ers,31,Dolphins,16,49ers,home,15,47,59
1027,49ers,41,Dolphins,24,49ers,home,17,65,59
1028,49ers,21,Dolphins,13,49ers,home,8,34,59
1029,49ers,37,Dolphins,9,49ers,home,28,46,59
1030,49ers,31,Dolphins,24,49ers,home,7,55,59
1031,49ers,45,Dolphins,16,49ers,home,29,61,59
1032,49ers,31,Dolphins,48,Dolphins,away,-17,79,59
1033,49ers,52,Dolphins,14,49ers,home,38,66,59
1034,49ers,34,Dolphins,6,49ers,home,28,40,59
1035,49ers,38,Dolphins,10,49ers,home,28,48,59
1036,49ers,34,Dolphins,13,49ers,home,21,47,59
1037,49ers,30,Dolphins,10,49ers,home,20,40,59
1038,49ers,48,Dolphins,20,49ers,home,28,68,59
1039,49ers,38,Dolphins,22,49ers,home,16,60,59
1040,49ers,56,Dolphins,3,49ers,home,53,59,59
1041,49ers,37,Dolphins,27,49ers,home,10,64,59
1042,49ers,24,Dolphins,20,49ers,home,4,44,59
1043,49ers,34,Dolphins,17,49ers,home,17,51,59
1044,49ers,37,Dolphins,6,49ers,home,31,43,59
1045,49ers,29,Dolphins,20,49ers,home,9,49,59
1046,49ers,45,Dolphins,6,49ers,home,39,51,59
1047,49ers,31,Dolphins,20,49ers,home,11,51,59
1048,49ers,20,Dolphins,9,49ers,home,11,29,59
1049,49ers,27,Dolphins,23,49ers,home,4,50,59
1050,49ers,41,Dolphins,7,49ers,home,34,48,59
1051,49ers,27,Dolphins,13,49ers,home,14,40,59
1052,49ers,28,Dolphins,26,49ers,home,2,54,59
1053,49ers,38,Dolphins,20,49ers,home,18,58,59
1054,49ers,48,Dolphins,17,49ers,home,31,65,59
1055,49ers,51,Dolphins,14,49ers,home,37,65,59
1056,49ers,40,Dolphins,31,49ers,home,9,71,59
1057,49ers,29,Dolphins,13,49ers,home,16,42,59
1058,49ers,31,Dolphins,12,49ers,home,19,43,59
1059,49ers,38,Dolphins,10,49ers,home,28,48,59
1060,49ers,16,Dolphins,20,Dolphins,away,-4,36,59
1061,49ers,20,Dolphins,13,49ers,home,7,33,59
1062,49ers,31,Dolphins,16,49ers,home,15,47,59
1063,49ers,30,Dolphins,23,49ers,home,7,53,59
1064,49ers,27,Dolphins,31,Dolphins,away,-4,58,59
1065,49ers,13,Dolphins,16,Dolphins,away,-3,29,59
1066,49ers,10,Dolphins,16,Dolphins,away,-6,26,59
1067,49ers,20,Dolphins,16,49ers,home,4,36,59
1068,49ers,17,Dolphins,27,Dolphins,away,-10,44,59
1069,49ers,37,Dolphins,23,49ers,home,14,60,59
1070,49ers,20,Dolphins,25,Dolphins,away,-5,45,59
1071,49ers,37,Dolphins,3,49ers,home,34,40,59
1072,49ers,20,Dolphins,19,49ers,home,1,39,59
1073,49ers,27,Dolphins,16,49ers,home,11,43,59
1074,49ers,21,Dolphins,27,Dolphins,away,-6,48,59
1075,49ers,40,Dolphins,7,49ers,home,33,47,59
1076,49ers,21,Dolphins,19,49ers,home,2,40,59
1077,49ers,51,Dolphins,10,49ers,home,41,61,59
1078,49ers,44,Dolphins,6,49ers,home,38,50,59
1079,49ers,24,Dolphins,6,49ers,home,18,30,59
1080,49ers,24,Dolphins,12,49ers,home,12,36,59
1081,49ers,21,Dolphins,12,49ers,home,9,33,59
1082,49ers,21,Dolphins,19,49ers,home,2,40,59
1083,49ers,23,Dolphins,9,49ers,home,14,32,59
1084,49ers,17,Dolphins,13,49ers,home,4,30,59
1085,49ers,34,Dolphins,17,49ers,home,17,51,59
1086,49ers,24,Dolphins,6,49ers,home,18,30,59
1087,49ers,27,Dolphins,22,49ers,home,5,49,59
1088,49ers,37,Dolphins,6,49ers,home,31,43,59
1089,49ers,24,Dolphins,23,49ers,home,1,47,59
1090,49ers,20,Dolphins,21,Dolphins,away,-1,41,59
1091,49ers,26,Dolphins,6,49ers,home,20,32,59
1092,49ers,45,Dolphins,3,49ers,home,42,48,59
1093,49ers,37,Dolphins,12,49ers,home,25,49,59
1094,49ers,21,Dolphins,24,Dolphins,away,-3,45,59
1095,49ers,31,Dolphins,23,49ers,home,8,54,59
1096,49ers,13,Dolphins,20,Dolphins,away,-7,33,59
1097,49ers,27,Dolphins,10,49ers,home,17,37,59
1098,49ers,31,Dolphins,16,49ers,home,15,47,59
1099,49ers,34,Dolphins,16,49ers,home,18,50,59
1100,49ers,31,Dolphins,6,49ers,home,25,37,59
1101,Browns,23,Colts,7,Browns,home,16,30,60
1102,Browns,7,Colts,12,Colts,away,-5,19,60
1103,Browns,19,Colts,17,Browns,home,2,36,60
1104,Browns,10,Colts,16,Colts,away,-6,26,60
1105,Browns,22,Colts,24,Colts,away,-2,46,60
1106,Browns,10,Colts,22,Colts,away,-12,32,60
1107,Browns,13,Colts,33,Colts,away,-20,46,60
1108,Browns,20,Colts,10,Browns,home,10,30,60
1109,Browns,6,Colts,27,Colts,away,-21,33,60
1110,Browns,13,Colts,10,Browns,home,3,23,60
1111,Browns,6,Colts,16,Colts,away,-10,22,60
1112,Browns,17,Colts,20,Colts,away,-3,37,60
1113,Browns,10,Colts,19,Colts,away,-9,29,60
1114,Browns,16,Colts,14,Browns,home,2,30,60
1115,Browns,24,Colts,33,Colts,away,-9,57,60
1116,Browns,9,Colts,38,Colts,away,-29,47,60
1117,Browns,16,Colts,21,Colts,away,-5,37,60
1118,Browns,10,Colts,23,Colts,away,-13,33,60
1119,Browns,9,Colts,35,Colts,away,-26,44,60
1120,Browns,24,Colts,31,Colts,away,-7,55,60
1121,Browns,10,Colts,44,Colts,away,-34,54,60
1122,Browns,20,Colts,42,Colts,away,-22,62,60
1123,Browns,28,Colts,20,Browns,home,8,48,60
1124,Browns,8,Colts,24,Colts,away,-16,32,60
1125,Browns,21,Colts,23,Colts,away,-2,44,60
1126,Browns,7,Colts,20,Colts,away,-13,27,60
1127,Browns,20,Colts,24,Colts,away,-4,44,60
1128,Browns,6,Colts,14,Colts,away,-8,20,60
1129,Browns,6,Colts,34,Colts,away,-28,40,60
1130,Browns,16,Colts,19,Colts,away,-3,35,60
1131,Browns,16,Colts,10,Browns,home,6,26,60
1132,Browns,10,Colts,30,Colts,away,-20,40,60
1133,Browns,16,Colts,3,Browns,home,13,19,60
1134,Browns,10,Colts,17,Colts,away,-7,27,60
1135,Browns,13,Colts,16,Colts,away,-3,29,60
1136,Browns,34,Colts,10,Browns,home,24,44,60
1137,Browns,20,Colts,10,Browns,home,10,30,60
1138,Browns,13,Colts,34,Colts,away,-21,47,60
1139,Browns,13,Colts,27,Colts,away,-14,40,60
1140,Browns,16,Colts,41,Colts,away,-25,57,60
1141,Browns,3,Colts,17,Colts,away,-14,20,60
1142,Browns,3,Colts,45,Colts,away,-42,48,60
1143,Browns,9,Colts,13,Colts,away,-4,22,60
1144,Browns,17,Colts,3,Browns,home,14,20,60
1145,Browns,13,Colts,16,Colts,away,-3,29,60
1146,Browns,3,Colts,20,Colts,away,-17,23,60
1147,Browns,10,Colts,12,Colts,away,-2,22,60
1148,Browns,23,Colts,20,Browns,home,3,43,60
1149,Browns,23,Colts,27,Colts,away,-4,50,60
1150,Browns,3,Colts,40,Colts,away,-37,43,60
1151,Browns,13,Colts,27,Colts,away,-14,40,60
1152,Browns,12,Colts,16,Colts,away,-4,28,60
1153,Browns,16,Colts,19,Colts,away,-3,35,60
1154,Browns,23,Colts,10,Browns,home,13,33,60
1155,Browns,21,Colts,20,Browns,home,1,41,60
1156,Browns,12,Colts,17,Colts,away,-5,29,60
1157,Browns,17,Colts,27,Colts,away,-10,44,60
1158,Browns,27,Colts,3,Browns,home,24,30,60
1159,Browns,27,Colts,23,Browns,home,4,50,60
1160,Browns,16,Colts,13,Browns,home,3,29,60
1161,Browns,3,Colts,16,Colts,away,-13,19,60
1162,Browns,13,Colts,9,Browns,home,4,22,60
1163,Browns,13,Colts,27,Colts,away,-14,40,60
1164,Browns,17,Colts,41,Colts,away,-24,58,60
1165,Browns,9,Colts,30,Colts,away,-21,39,60
1166,Browns,6,Colts,30,Colts,away,-24,36,60
1167,Browns,10,Colts,17,Colts,away,-7,27,60
1168,Browns,16,Colts,6,Browns,home,10,22,60
1169,Browns,34,Colts,20,Browns,home,14,54,60
1170,Browns,16,Colts,33,Colts,away,-17,49,60
1171,Browns,13,Colts,20,Colts,away,-7,33,60
1172,Browns,29,Colts,0,Browns,home,29,29,60
1173,Browns,13,Colts,30,Colts,away,-17,43,60
1174,Browns,17,Colts,9,Browns,home,8,26,60
1175,Browns,7,Colts,45,Colts,away,-38,52,60
1176,Browns,12,Colts,40,Colts,away,-28,52,60
1177,Browns,6,Colts,27,Colts,away,-21,33,60
1178,Browns,3,Colts,23,Colts,away,-20,26,60
1179,Browns,20,Colts,14,Browns,home,6,34,60
1180,Browns,17,Colts,10,Browns,home,7,27,60
1181,Browns,16,Colts,12,Browns,home,4,28,60
1182,Browns,3,Colts,21,Colts,away,-18,24,60
1183,Browns,6,Colts,14,Colts,away,-8,20,60
1184,Browns,5,Colts,27,Colts,away,-22,32,60
1185,Browns,6,Colts,31,Colts,away,-25,37,60
1186,Browns,13,Colts,24,Colts,away,-11,37,60
1187,Browns,9,Colts,10,Colts,away,-1,19,60
1188,Browns,20,Colts,3,Browns,home,17,23,60
1189,Browns,10,Colts,13,Colts,away,-3,23,60
1190,Browns,11,Colts,10,Browns,home,1,21,60
1191,Browns,3,Colts,20,Colts,away,-17,23,60
1192,Browns,14,Colts,20,Colts,away,-6,34,60
1193,Browns,13,Colts,21,Colts,away,-8,34,60
1194,Browns,16,Colts,10,Browns,home,6,26,60
1195,Browns,16,Colts,19,Colts,away,-3,35,60
1196,Browns,20,Colts,23,Colts,away,-3,43,60
1197,Browns,27,Colts,16,Browns,home,11,43,60
1198,Browns,17,Colts,35,Colts,away,-18,52,60
1199,Browns,20,Colts,27,Colts,away,-7,47,60
1200,Browns,3,Colts,21,Colts,away,-18,24,60
1201,Cowboys,34,Giants,14,Cowboys,home,20,48,61
1202,Cowboys,14,Giants,19,Giants,away,-5,33,61
1203,Cowboys,31,Giants,21,Cowboys,home,10,52,61
1204,Cowboys,20,Giants,14,Cowboys,home,6,34,61
1205,Cowboys,44,Giants,14,Cowboys,home,30,58,61
1206,Cowboys,23,Giants,24,Giants,away,-1,47,61
1207,Cowboys,20,Giants,21,Giants,away,-1,41,61
1208,Cowboys,41,Giants,26,Cowboys,home,15,67,61
1209,Cowboys,38,Giants,17,Cowboys,home,21,55,61
1210,Cowboys,45,Giants,20,Cowboys,home,25,65,61
1211,Cowboys,38,Giants,3,Cowboys,home,35,41,61
1212,Cowboys,38,Giants,20,Cowboys,home,18,58,61
1213,Cowboys,48,Giants,17,Cowboys,home,31,65,61
1214,Cowboys,38,Giants,17,Cowboys,home,21,55,61
1215,Cowboys,20,Giants,13,Cowboys,home,7,33,61
1216,Cowboys,57,Giants,7,Cowboys,home,50,64,61
1217,Cowboys,38,Giants,5,Cowboys,home,33,43,61
1218,Cowboys,13,Giants,14,Giants,away,-1,27,61
1219,Cowboys,13,Giants,37,Giants,away,-24,50,61
1220,Cowboys,30,Giants,13,Cowboys,home,17,43,61
1221,Cowboys,10,Giants,24,Giants,away,-14,34,61
1222,Cowboys,14,Giants,30,Giants,away,-16,44,61
1223,Cowboys,34,Giants,17,Cowboys,home,17,51,61
1224,Cowboys,31,Giants,9,Cowboys,home,22,40,61
1225,Cowboys,48,Giants,38,Cowboys,home,10,86,61
1226,Cowboys,20,Giants,41,Giants,away,-21,61,61
1227,Cowboys,27,Giants,9,Cowboys,home,18,36,61
1228,Cowboys,55,Giants,14,Cowboys,home,41,69,61
1229,Cowboys,34,Giants,37,Giants,away,-3,71,61
1230,Cowboys,12,Giants,9,Cowboys,home,3,21,61
1231,Cowboys,24,Giants,38,Giants,away,-14,62,61
1232,Cowboys,61,Giants,7,Cowboys,home,54,68,61
1233,Cowboys,41,Giants,10,Cowboys,home,31,51,61
1234,Cowboys,37,Giants,23,Cowboys,home,14,60,61
1235,Cowboys,35,Giants,30,Cowboys,home,5,65,61
1236,Cowboys,24,Giants,17,Cowboys,home,7,41,61
1237,Cowboys,41,Giants,34,Cowboys,home,7,75,61
1238,Cowboys,24,Giants,13,Cowboys,home,11,37,61
1239,Cowboys,10,Giants,26,Giants,away,-16,36,61
1240,Cowboys,16,Giants,14,Cowboys,home,2,30,61
1241,Cowboys,20,Giants,24,Giants,away,-4,44,61
1242,Cowboys,23,Giants,7,Cowboys,home,16,30,61
1243,Cowboys,30,Giants,23,Cowboys,home,7,53,61
1244,Cowboys,33,Giants,0,Cowboys,home,33,33,61
1245,Cowboys,23,Giants,31,Giants,away,-8,54,61
1246,Cowboys,38,Giants,30,Cowboys,home,8,68,61
1247,Cowboys,41,Giants,10,Cowboys,home,31,51,61
1248,Cowboys,28,Giants,13,Cowboys,home,15,41,61
1249,Cowboys,38,Giants,31,Cowboys,home,7,69,61
1250,Cowboys,44,Giants,3,Cowboys,home,41,47,61
1251,Cowboys,28,Giants,31,Giants,away,-3,59,61
1252,Cowboys,31,Giants,17,Cowboys,home,14,48,61
1253,Cowboys,62,Giants,17,Cowboys,home,45,79,61
1254,Cowboys,44,Giants,23,Cowboys,home,21,67,61
1255,Cowboys,44,Giants,10,Cowboys,home,34,54,61
1256,Cowboys,31,Giants,17,Cowboys,home,14,48,61
1257,Cowboys,44,Giants,10,Cowboys,home,34,54,61
1258,Cowboys,48,Giants,44,Cowboys,home,4,92,61
1259,Cowboys,30,Giants,24,Cowboys,home,6,54,61
1260,Cowboys,35,Giants,38,Giants,away,-3,73,61
1261,Cowboys,34,Giants,7,Cowboys,home,27,41,61
1262,Cowboys,23,Giants,27,Giants,away,-4,50,61
1263,Cowboys,28,Giants,38,Giants,away,-10,66,61
1264,Cowboys,41,Giants,10,Cowboys,home,31,51,61
1265,Cowboys,10,Giants,31,Giants,away,-21,41,61
1266,Cowboys,23,Giants,27,Giants,away,-4,50,61
1267,Cowboys,28,Giants,34,Giants,away,-6,62,61
1268,Cowboys,14,Giants,27,Giants,away,-13,41,61
1269,Cowboys,24,Giants,31,Giants,away,-7,55,61
1270,Cowboys,42,Giants,21,Cowboys,home,21,63,61
1271,Cowboys,48,Giants,17,Cowboys,home,31,65,61
1272,Cowboys,27,Giants,13,Cowboys,home,14,40,61
1273,Cowboys,0,Giants,23,Giants,away,-23,23,61
1274,Cowboys,43,Giants,20,Cowboys,home,23,63,61
1275,Cowboys,36,Giants,24,Cowboys,home,12,60,61
1276,Cowboys,44,Giants,47,Giants,away,-3,91,61
1277,Cowboys,30,Giants,35,Giants,away,-5,65,61
1278,Cowboys,31,Giants,17,Cowboys,home,14,48,61
1279,Cowboys,34,Giants,17,Cowboys,home,17,51,61
1280,Cowboys,31,Giants,21,Cowboys,home,10,52,61
1281,Cowboys,31,Giants,20,Cowboys,home,11,51,61
1282,Cowboys,31,Giants,10,Cowboys,home,21,41,61
1283,Cowboys,34,Giants,27,Cowboys,home,7,61,61
1284,Cowboys,34,Giants,23,Cowboys,home,11,57,61
1285,Cowboys,38,Giants,27,Cowboys,home,11,65,61
1286,Cowboys,31,Giants,35,Giants,away,-4,66,61
1287,Cowboys,34,Giants,20,Cowboys,home,14,54,61
1288,Cowboys,20,Giants,19,Cowboys,home,1,39,61
1289,Cowboys,23,Giants,13,Cowboys,home,10,36,61
1290,Cowboys,38,Giants,27,Cowboys,home,11,65,61
1291,Cowboys,38,Giants,20,Cowboys,home,18,58,61
1292,Cowboys,41,Giants,8,Cowboys,home,33,49,61
1293,Cowboys,20,Giants,31,Giants,away,-11,51,61
1294,Cowboys,28,Giants,38,Giants,away,-10,66,61
1295,Cowboys,31,Giants,27,Cowboys,home,4,58,61
1296,Cowboys,37,Giants,3,Cowboys,home,34,40,61
1297,Cowboys,44,Giants,21,Cowboys,home,23,65,61
1298,Cowboys,38,Giants,28,Cowboys,home,10,66,61
1299,Cowboys,14,Giants,6,Cowboys,home,8,20,61
1300,Cowboys,41,Giants,35,Cowboys,home,6,76,61
1301,Seahawks,38,Vikings,24,Seahawks,home,14,62,62
1302,Seahawks,38,Vikings,21,Seahawks,home,17,59,62
1303,Seahawks,30,Vikings,28,Seahawks,home,2,58,62
1304,Seahawks,30,Vikings,17,Seahawks,home,13,47,62
1305,Seahawks,31,Vikings,21,Seahawks,home,10,52,62
1306,Seahawks,31,Vikings,20,Seahawks,home,11,51,62
1307,Seahawks,42,Vikings,17,Seahawks,home,25,59,62
1308,Seahawks,42,Vikings,24,Seahawks,home,18,66,62
1309,Seahawks,27,Vikings,7,Seahawks,home,20,34,62
1310,Seahawks,35,Vikings,21,Seahawks,home,14,56,62
1311,Seahawks,30,Vikings,24,Seahawks,home,6,54,62
1312,Seahawks,44,Vikings,14,Seahawks,home,30,58,62
1313,Seahawks,38,Vikings,17,Seahawks,home,21,55,62
1314,Seahawks,38,Vikings,28,Seahawks,home,10,66,62
1315,Seahawks,55,Vikings,24,Seahawks,home,31,79,62
1316,Seahawks,21,Vikings,24,Vikings,away,-3,45,62
1317,Seahawks,27,Vikings,31,Vikings,away,-4,58,62
1318,Seahawks,35,Vikings,17,Seahawks,home,18,52,62
1319,Seahawks,23,Vikings,27,Vikings,away,-4,50,62
1320,Seahawks,22,Vikings,10,Seahawks,home,12,32,62
1321,Seahawks,35,Vikings,17,Seahawks,home,18,52,62
1322,Seahawks,41,Vikings,49,Vikings,away,-8,90,62
1323,Seahawks,42,Vikings,6,Seahawks,home,36,48,62
1324,Seahawks,27,Vikings,24,Seahawks,home,3,51,62
1325,Seahawks,20,Vikings,31,Vikings,away,-11,51,62
1326,Seahawks,38,Vikings,27,Seahawks,home,11,65,62
1327,Seahawks,21,Vikings,16,Seahawks,home,5,37,62
1328,Seahawks,48,Vikings,20,Seahawks,home,28,68,62
1329,Seahawks,38,Vikings,13,Seahawks,home,25,51,62
1330,Seahawks,24,Vikings,17,Seahawks,home,7,41,62
1331,Seahawks,34,Vikings,17,Seahawks,home,17,51,62
1332,Seahawks,34,Vikings,28,Seahawks,home,6,62,62
1333,Seahawks,59,Vikings,52,Seahawks,home,7,111,62
1334,Seahawks,31,Vikings,28,Seahawks,home,3,59,62
1335,Seahawks,29,Vikings,20,Seahawks,home,9,49,62
1336,Seahawks,27,Vikings,31,Vikings,away,-4,58,62
1337,Seahawks,31,Vikings,27,Seahawks,home,4,58,62
1338,Seahawks,48,Vikings,24,Seahawks,home,24,72,62
1339,Seahawks,22,Vikings,34,Vikings,away,-12,56,62
1340,Seahawks,38,Vikings,14,Seahawks,home,24,52,62
1341,Seahawks,35,Vikings,20,Seahawks,home,15,55,62
1342,Seahawks,27,Vikings,20,Seahawks,home,7,47,62
1343,Seahawks,27,Vikings,24,Seahawks,home,3,51,62
1344,Seahawks,17,Vikings,30,Vikings,away,-13,47,62
1345,Seahawks,20,Vikings,6,Seahawks,home,14,26,62
1346,Seahawks,24,Vikings,21,Seahawks,home,3,45,62
1347,Seahawks,20,Vikings,17,Seahawks,home,3,37,62
1348,Seahawks,40,Vikings,13,Seahawks,home,27,53,62
1349,Seahawks,41,Vikings,28,Seahawks,home,13,69,62
1350,Seahawks,24,Vikings,0,Seahawks,home,24,24,62
1351,Seahawks,49,Vikings,20,Seahawks,home,29,69,62
1352,Seahawks,13,Vikings,21,Vikings,away,-8,34,62
1353,Seahawks,31,Vikings,17,Seahawks,home,14,48,62
1354,Seahawks,38,Vikings,21,Seahawks,home,17,59,62
1355,Seahawks,45,Vikings,21,Seahawks,home,24,66,62
1356,Seahawks,19,Vikings,17,Seahawks,home,2,36,62
1357,Seahawks,41,Vikings,28,Seahawks,home,13,69,62
1358,Seahawks,23,Vikings,17,Seahawks,home,6,40,62
1359,Seahawks,24,Vikings,17,Seahawks,home,7,41,62
1360,Seahawks,17,Vikings,14,Seahawks,home,3,31,62
1361,Seahawks,27,Vikings,14,Seahawks,home,13,41,62
1362,Seahawks,41,Vikings,7,Seahawks,home,34,48,62
1363,Seahawks,30,Vikings,14,Seahawks,home,16,44,62
1364,Seahawks,24,Vikings,27,Vikings,away,-3,51,62
1365,Seahawks,27,Vikings,26,Seahawks,home,1,53,62
1366,Seahawks,34,Vikings,7,Seahawks,home,27,41,62
1367,Seahawks,31,Vikings,20,Seahawks,home,11,51,62
1368,Seahawks,17,Vikings,33,Vikings,away,-16,50,62
1369,Seahawks,54,Vikings,14,Seahawks,home,40,68,62
1370,Seahawks,9,Vikings,23,Vikings,away,-14,32,62
1371,Seahawks,23,Vikings,5,Seahawks,home,18,28,62
1372,Seahawks,37,Vikings,24,Seahawks,home,13,61,62
1373,Seahawks,37,Vikings,21,Seahawks,home,16,58,62
1374,Seahawks,27,Vikings,24,Seahawks,home,3,51,62
1375,Seahawks,42,Vikings,9,Seahawks,home,33,51,62
1376,Seahawks,35,Vikings,27,Seahawks,home,8,62,62
1377,Seahawks,28,Vikings,35,Vikings,away,-7,63,62
1378,Seahawks,24,Vikings,20,Seahawks,home,4,44,62
1379,Seahawks,16,Vikings,42,Vikings,away,-26,58,62
1380,Seahawks,42,Vikings,28,Seahawks,home,14,70,62
1381,Seahawks,20,Vikings,35,Vikings,away,-15,55,62
1382,Seahawks,37,Vikings,17,Seahawks,home,20,54,62
1383,Seahawks,41,Vikings,10,Seahawks,home,31,51,62
1384,Seahawks,14,Vikings,17,Vikings,away,-3,31,62
1385,Seahawks,27,Vikings,31,Vikings,away,-4,58,62
1386,Seahawks,42,Vikings,31,Seahawks,home,11,73,62
1387,Seahawks,3,Vikings,20,Vikings,away,-17,23,62
1388,Seahawks,14,Vikings,24,Vikings,away,-10,38,62
1389,Seahawks,16,Vikings,17,Vikings,away,-1,33,62
1390,Seahawks,17,Vikings,41,Vikings,away,-24,58,62
1391,Seahawks,38,Vikings,30,Seahawks,home,8,68,62
1392,Seahawks,20,Vikings,17,Seahawks,home,3,37,62
1393,Seahawks,48,Vikings,17,Seahawks,home,31,65,62
1394,Seahawks,45,Vikings,14,Seahawks,home,31,59,62
1395,Seahawks,10,Vikings,23,Vikings,away,-13,33,62
1396,Seahawks,16,Vikings,7,Seahawks,home,9,23,62
1397,Seahawks,24,Vikings,20,Seahawks,home,4,44,62
1398,Seahawks,48,Vikings,20,Seahawks,home,28,68,62
1399,Seahawks,28,Vikings,17,Seahawks,home,11,45,62
1400,Seahawks,27,Vikings,10,Seahawks,home,17,37,62
1401,Saints,30,Chargers,17,Saints,home,13,47,63
1402,Saints,6,Chargers,20,Chargers,away,-14,26,63
1403,Saints,30,Chargers,10,Saints,home,20,40,63
1404,Saints,45,Chargers,17,Saints,home,28,62,63
1405,Saints,23,Chargers,38,Chargers,away,-15,61,63
1406,Saints,58,Chargers,24,Saints,home,34,82,63
1407,Saints,20,Chargers,9,Saints,home,11,29,63
1408,Saints,33,Chargers,13,Saints,home,20,46,63
1409,Saints,21,Chargers,20,Saints,home,1,41,63
1410,Saints,10,Chargers,30,Chargers,away,-20,40,63
1411,Saints,14,Chargers,38,Chargers,away,-24,52,63
1412,Saints,17,Chargers,14,Saints,home,3,31,63
1413,Saints,35,Chargers,16,Saints,home,19,51,63
1414,Saints,17,Chargers,31,Chargers,away,-14,48,63
1415,Saints,3,Chargers,27,Chargers,away,-24,30,63
1416,Saints,41,Chargers,7,Saints,home,34,48,63
1417,Saints,24,Chargers,41,Chargers,away,-17,65,63
1418,Saints,41,Chargers,19,Saints,home,22,60,63
1419,Saints,36,Chargers,9,Saints,home,27,45,63
1420,Saints,30,Chargers,13,Saints,home,17,43,63
1421,Saints,14,Chargers,10,Saints,home,4,24,63
1422,Saints,24,Chargers,31,Chargers,away,-7,55,63
1423,Saints,23,Chargers,20,Saints,home,3,43,63
1424,Saints,44,Chargers,17,Saints,home,27,61,63
1425,Saints,16,Chargers,14,Saints,home,2,30,63
1426,Saints,22,Chargers,17,Saints,home,5,39,63
1427,Saints,26,Chargers,9,Saints,home,17,35,63
1428,Saints,28,Chargers,27,Saints,home,1,55,63
1429,Saints,33,Chargers,10,Saints,home,23,43,63
1430,Saints,40,Chargers,21,Saints,home,19,61,63
1431,Saints,20,Chargers,24,Chargers,away,-4,44,63
1432,Saints,26,Chargers,23,Saints,home,3,49,63
1433,Saints,16,Chargers,29,Chargers,away,-13,45,63
1434,Saints,19,Chargers,10,Saints,home,9,29,63
1435,Saints,35,Chargers,16,Saints,home,19,51,63
1436,Saints,20,Chargers,21,Chargers,away,-1,41,63
1437,Saints,34,Chargers,20,Saints,home,14,54,63
1438,Saints,27,Chargers,10,Saints,home,17,37,63
1439,Saints,17,Chargers,45,Chargers,away,-28,62,63
1440,Saints,30,Chargers,10,Saints,home,20,40,63
1441,Saints,41,Chargers,21,Saints,home,20,62,63
1442,Saints,51,Chargers,17,Saints,home,34,68,63
1443,Saints,30,Chargers,31,Chargers,away,-1,61,63
1444,Saints,10,Chargers,12,Chargers,away,-2,22,63
1445,Saints,28,Chargers,33,Chargers,away,-5,61,63
1446,Saints,10,Chargers,28,Chargers,away,-18,38,63
1447,Saints,28,Chargers,24,Saints,home,4,52,63
1448,Saints,27,Chargers,10,Saints,home,17,37,63
1449,Saints,31,Chargers,3,Saints,home,28,34,63
1450,Saints,21,Chargers,28,Chargers,away,-7,49,63
1451,Saints,45,Chargers,10,Saints,home,35,55,63
1452,Saints,20,Chargers,10,Saints,home,10,30,63
1453,Saints,31,Chargers,17,Saints,home,14,48,63
1454,Saints,20,Chargers,13,Saints,home,7,33,63
1455,Saints,24,Chargers,26,Chargers,away,-2,50,63
1456,Saints,6,Chargers,10,Chargers,away,-4,16,63
1457,Saints,27,Chargers,10,Saints,home,17,37,63
1458,Saints,23,Chargers,7,Saints,home,16,30,63
1459,Saints,24,Chargers,34,Chargers,away,-10,58,63
1460,Saints,36,Chargers,13,Saints,home,23,49,63
1461,Saints,34,Chargers,3,Saints,home,31,37,63
1462,Saints,27,Chargers,17,Saints,home,10,44,63
1463,Saints,16,Chargers,23,Chargers,away,-7,39,63
1464,Saints,34,Chargers,20,Saints,home,14,54,63
1465,Saints,20,Chargers,24,Chargers,away,-4,44,63
1466,Saints,0,Chargers,16,Chargers,away,-16,16,63
1467,Saints,48,Chargers,44,Saints,home,4,92,63
1468,Saints,19,Chargers,20,Chargers,away,-1,39,63
1469,Saints,26,Chargers,38,Chargers,away,-12,64,63
1470,Saints,16,Chargers,9,Saints,home,7,25,63
1471,Saints,55,Chargers,10,Saints,home,45,65,63
1472,Saints,24,Chargers,40,Chargers,away,-16,64,63
1473,Saints,52,Chargers,17,Saints,home,35,69,63
1474,Saints,30,Chargers,13,Saints,home,17,43,63
1475,Saints,24,Chargers,20,Saints,home,4,44,63
1476,Saints,35,Chargers,7,Saints,home,28,42,63
1477,Saints,24,Chargers,3,Saints,home,21,27,63
1478,Saints,42,Chargers,31,Saints,home,11,73,63
1479,Saints,17,Chargers,14,Saints,home,3,31,63
1480,Saints,13,Chargers,31,Chargers,away,-18,44,63
1481,Saints,17,Chargers,31,Chargers,away,-14,48,63
1482,Saints,14,Chargers,13,Saints,home,1,27,63
1483,Saints,9,Chargers,22,Chargers,away,-13,31,63
1484,Saints,44,Chargers,7,Saints,home,37,51,63
1485,Saints,20,Chargers,3,Saints,home,17,23,63
1486,Saints,24,Chargers,10,Saints,home,14,34,63
1487,Saints,31,Chargers,34,Chargers,away,-3,65,63
1488,Saints,17,Chargers,31,Chargers,away,-14,48,63
1489,Saints,16,Chargers,45,Chargers,away,-29,61,63
1490,Saints,35,Chargers,27,Saints,home,8,62,63
1491,Saints,21,Chargers,30,Chargers,away,-9,51,63
1492,Saints,13,Chargers,21,Chargers,away,-8,34,63
1493,Saints,26,Chargers,16,Saints,home,10,42,63
1494,Saints,16,Chargers,30,Chargers,away,-14,46,63
1495,Saints,13,Chargers,27,Chargers,away,-14,40,63
1496,Saints,20,Chargers,17,Saints,home,3,37,63
1497,Saints,41,Chargers,24,Saints,home,17,65,63
1498,Saints,20,Chargers,30,Chargers,away,-10,50,63
1499,Saints,0,Chargers,40,Chargers,away,-40,40,63
1500,Saints,19,Chargers,16,Saints,home,3,35,63
