rowid,hometeam,homescore,awayteam,awayscore,winnerteam,winnerhomeoraway,margin,total
1,Jets,9,Broncos,14,Broncos,away,-5,23
2,Jets,16,Broncos,10,Jets,home,6,26
3,Jets,7,Broncos,27,Broncos,away,-20,34
4,Jets,27,Broncos,14,Jets,home,13,41
5,Jets,7,Broncos,45,Broncos,away,-38,52
6,Jets,13,Broncos,41,Broncos,away,-28,54
7,Jets,10,Broncos,20,Broncos,away,-10,30
8,Jets,0,Broncos,27,Broncos,away,-27,27
9,Jets,7,Broncos,27,Broncos,away,-20,34
10,Jets,6,Broncos,22,Broncos,away,-16,28
11,Jets,3,Broncos,38,Broncos,away,-35,41
12,Jets,16,Broncos,17,Broncos,away,-1,33
13,Jets,16,Broncos,13,Jets,home,3,29
14,Jets,37,Broncos,13,Jets,home,24,50
15,Jets,27,Broncos,21,Jets,home,6,48
16,Jets,31,Broncos,13,Jets,home,18,44
17,Jets,16,Broncos,20,Broncos,away,-4,36
18,Jets,17,Broncos,26,Broncos,away,-9,43
19,Jets,20,Broncos,24,Broncos,away,-4,44
20,Jets,14,Broncos,24,Broncos,away,-10,38
21,Jets,27,Broncos,23,Jets,home,4,50
22,Jets,22,Broncos,17,Jets,home,5,39
23,Jets,13,Broncos,17,Broncos,away,-4,30
24,Jets,20,Broncos,14,Jets,home,6,34
25,Jets,3,Broncos,30,Broncos,away,-27,33
26,Jets,20,Broncos,24,Broncos,away,-4,44
27,Jets,20,Broncos,3,Jets,home,17,23
28,Jets,10,Broncos,24,Broncos,away,-14,34
29,Jets,9,Broncos,20,Broncos,away,-11,29
30,Jets,7,Broncos,27,Broncos,away,-20,34
31,Jets,27,Broncos,17,Jets,home,10,44
32,Jets,10,Broncos,16,Broncos,away,-6,26
33,Jets,3,Broncos,27,Broncos,away,-24,30
34,Jets,7,Broncos,48,Broncos,away,-41,55
35,Jets,16,Broncos,35,Broncos,away,-19,51
36,Jets,10,Broncos,31,Broncos,away,-21,41
37,Jets,9,Broncos,3,Jets,home,6,12
38,Jets,20,Broncos,24,Broncos,away,-4,44
39,Jets,16,Broncos,17,Broncos,away,-1,33
40,Jets,3,Broncos,21,Broncos,away,-18,24
41,Jets,10,Broncos,14,Broncos,away,-4,24
42,Jets,20,Broncos,28,Broncos,away,-8,48
43,Jets,10,Broncos,27,Broncos,away,-17,37
44,Jets,13,Broncos,17,Broncos,away,-4,30
45,Jets,3,Broncos,16,Broncos,away,-13,19
46,Jets,7,Broncos,26,Broncos,away,-19,33
47,Jets,3,Broncos,9,Broncos,away,-6,12
48,Jets,3,Broncos,17,Broncos,away,-14,20
49,Jets,6,Broncos,20,Broncos,away,-14,26
50,Jets,16,Broncos,24,Broncos,away,-8,40
51,Jets,10,Broncos,48,Broncos,away,-38,58
52,Jets,27,Broncos,7,Jets,home,20,34
53,Jets,10,Broncos,13,Broncos,away,-3,23
54,Jets,16,Broncos,2,Jets,home,14,18
55,Jets,17,Broncos,13,Jets,home,4,30
56,Jets,20,Broncos,14,Jets,home,6,34
57,Jets,7,Broncos,6,Jets,home,1,13
58,Jets,20,Broncos,10,Jets,home,10,30
59,Jets,16,Broncos,10,Jets,home,6,26
60,Jets,10,Broncos,34,Broncos,away,-24,44
61,Jets,17,Broncos,24,Broncos,away,-7,41
62,Jets,14,Broncos,23,Broncos,away,-9,37
63,Jets,14,Broncos,23,Broncos,away,-9,37
64,Jets,24,Broncos,28,Broncos,away,-4,52
65,Jets,36,Broncos,27,Jets,home,9,63
66,Jets,16,Broncos,20,Broncos,away,-4,36
67,Jets,23,Broncos,0,Jets,home,23,23
68,Jets,9,Broncos,10,Broncos,away,-1,19
69,Jets,6,Broncos,17,Broncos,away,-11,23
70,Jets,6,Broncos,24,Broncos,away,-18,30
71,Jets,14,Broncos,24,Broncos,away,-10,38
72,Jets,3,Broncos,13,Broncos,away,-10,16
73,Jets,30,Broncos,7,Jets,home,23,37
74,Jets,21,Broncos,13,Jets,home,8,34
75,Jets,19,Broncos,14,Jets,home,5,33
76,Jets,9,Broncos,3,Jets,home,6,12
77,Jets,19,Broncos,12,Jets,home,7,31
78,Jets,29,Broncos,24,Jets,home,5,53
79,Jets,0,Broncos,34,Broncos,away,-34,34
80,Jets,26,Broncos,17,Jets,home,9,43
81,Jets,20,Broncos,24,Broncos,away,-4,44
82,Jets,6,Broncos,7,Broncos,away,-1,13
83,Jets,26,Broncos,13,Jets,home,13,39
84,Jets,3,Broncos,20,Broncos,away,-17,23
85,Jets,20,Broncos,14,Jets,home,6,34
86,Jets,27,Broncos,17,Jets,home,10,44
87,Jets,21,Broncos,31,Broncos,away,-10,52
88,Jets,13,Broncos,20,Broncos,away,-7,33
89,Jets,10,Broncos,24,Broncos,away,-14,34
90,Jets,24,Broncos,14,Jets,home,10,38
91,Jets,17,Broncos,24,Broncos,away,-7,41
92,Jets,17,Broncos,16,Jets,home,1,33
93,Jets,10,Broncos,30,Broncos,away,-20,40
94,Jets,14,Broncos,16,Broncos,away,-2,30
95,Jets,9,Broncos,10,Broncos,away,-1,19
96,Jets,3,Broncos,10,Broncos,away,-7,13
97,Jets,23,Broncos,6,Jets,home,17,29
98,Jets,3,Broncos,28,Broncos,away,-25,31
99,Jets,17,Broncos,20,Broncos,away,-3,37
100,Jets,30,Broncos,10,Jets,home,20,40
101,Panthers,16,Cardinals,27,Cardinals,away,-11,43
102,Panthers,29,Cardinals,10,Panthers,home,19,39
103,Panthers,20,Cardinals,21,Cardinals,away,-1,41
104,Panthers,24,Cardinals,44,Cardinals,away,-20,68
105,Panthers,38,Cardinals,13,Panthers,home,25,51
106,Panthers,17,Cardinals,38,Cardinals,away,-21,55
107,Panthers,23,Cardinals,35,Cardinals,away,-12,58
108,Panthers,27,Cardinals,30,Cardinals,away,-3,57
109,Panthers,24,Cardinals,27,Cardinals,away,-3,51
110,Panthers,16,Cardinals,24,Cardinals,away,-8,40
111,Panthers,21,Cardinals,20,Panthers,home,1,41
112,Panthers,10,Cardinals,17,Cardinals,away,-7,27
113,Panthers,10,Cardinals,40,Cardinals,away,-30,50
114,Panthers,33,Cardinals,28,Panthers,home,5,61
115,Panthers,14,Cardinals,27,Cardinals,away,-13,41
116,Panthers,26,Cardinals,21,Panthers,home,5,47
117,Panthers,10,Cardinals,37,Cardinals,away,-27,47
118,Panthers,17,Cardinals,19,Cardinals,away,-2,36
119,Panthers,21,Cardinals,31,Cardinals,away,-10,52
120,Panthers,35,Cardinals,31,Panthers,home,4,66
121,Panthers,31,Cardinals,10,Panthers,home,21,41
122,Panthers,24,Cardinals,20,Panthers,home,4,44
123,Panthers,41,Cardinals,34,Panthers,home,7,75
124,Panthers,24,Cardinals,20,Panthers,home,4,44
125,Panthers,41,Cardinals,31,Panthers,home,10,72
126,Panthers,34,Cardinals,3,Panthers,home,31,37
127,Panthers,26,Cardinals,24,Panthers,home,2,50
128,Panthers,30,Cardinals,10,Panthers,home,20,40
129,Panthers,31,Cardinals,10,Panthers,home,21,41
130,Panthers,6,Cardinals,23,Cardinals,away,-17,29
131,Panthers,24,Cardinals,17,Panthers,home,7,41
132,Panthers,26,Cardinals,19,Panthers,home,7,45
133,Panthers,26,Cardinals,13,Panthers,home,13,39
134,Panthers,20,Cardinals,34,Cardinals,away,-14,54
135,Panthers,21,Cardinals,10,Panthers,home,11,31
136,Panthers,23,Cardinals,12,Panthers,home,11,35
137,Panthers,23,Cardinals,28,Cardinals,away,-5,51
138,Panthers,10,Cardinals,3,Panthers,home,7,13
139,Panthers,23,Cardinals,14,Panthers,home,9,37
140,Panthers,44,Cardinals,27,Panthers,home,17,71
141,Panthers,14,Cardinals,30,Cardinals,away,-16,44
142,Panthers,19,Cardinals,30,Cardinals,away,-11,49
143,Panthers,27,Cardinals,31,Cardinals,away,-4,58
144,Panthers,17,Cardinals,16,Panthers,home,1,33
145,Panthers,37,Cardinals,21,Panthers,home,16,58
146,Panthers,13,Cardinals,21,Cardinals,away,-8,34
147,Panthers,16,Cardinals,27,Cardinals,away,-11,43
148,Panthers,13,Cardinals,28,Cardinals,away,-15,41
149,Panthers,20,Cardinals,31,Cardinals,away,-11,51
150,Panthers,31,Cardinals,28,Panthers,home,3,59
151,Panthers,27,Cardinals,14,Panthers,home,13,41
152,Panthers,13,Cardinals,27,Cardinals,away,-14,40
153,Panthers,13,Cardinals,27,Cardinals,away,-14,40
154,Panthers,24,Cardinals,17,Panthers,home,7,41
155,Panthers,31,Cardinals,37,Cardinals,away,-6,68
156,Panthers,28,Cardinals,34,Cardinals,away,-6,62
157,Panthers,37,Cardinals,14,Panthers,home,23,51
158,Panthers,20,Cardinals,24,Cardinals,away,-4,44
159,Panthers,26,Cardinals,21,Panthers,home,5,47
160,Panthers,33,Cardinals,21,Panthers,home,12,54
161,Panthers,10,Cardinals,28,Cardinals,away,-18,38
162,Panthers,47,Cardinals,31,Panthers,home,16,78
163,Panthers,3,Cardinals,33,Cardinals,away,-30,36
164,Panthers,17,Cardinals,28,Cardinals,away,-11,45
165,Panthers,20,Cardinals,42,Cardinals,away,-22,62
166,Panthers,21,Cardinals,30,Cardinals,away,-9,51
167,Panthers,20,Cardinals,28,Cardinals,away,-8,48
168,Panthers,6,Cardinals,28,Cardinals,away,-22,34
169,Panthers,34,Cardinals,27,Panthers,home,7,61
170,Panthers,41,Cardinals,23,Panthers,home,18,64
171,Panthers,36,Cardinals,40,Cardinals,away,-4,76
172,Panthers,20,Cardinals,31,Cardinals,away,-11,51
173,Panthers,41,Cardinals,38,Panthers,home,3,79
174,Panthers,34,Cardinals,21,Panthers,home,13,55
175,Panthers,30,Cardinals,14,Panthers,home,16,44
176,Panthers,24,Cardinals,13,Panthers,home,11,37
177,Panthers,3,Cardinals,9,Cardinals,away,-6,12
178,Panthers,10,Cardinals,44,Cardinals,away,-34,54
179,Panthers,28,Cardinals,16,Panthers,home,12,44
180,Panthers,3,Cardinals,26,Cardinals,away,-23,29
181,Panthers,13,Cardinals,24,Cardinals,away,-11,37
182,Panthers,20,Cardinals,44,Cardinals,away,-24,64
183,Panthers,17,Cardinals,24,Cardinals,away,-7,41
184,Panthers,17,Cardinals,20,Cardinals,away,-3,37
185,Panthers,6,Cardinals,24,Cardinals,away,-18,30
186,Panthers,30,Cardinals,9,Panthers,home,21,39
187,Panthers,13,Cardinals,17,Cardinals,away,-4,30
188,Panthers,24,Cardinals,26,Cardinals,away,-2,50
189,Panthers,28,Cardinals,38,Cardinals,away,-10,66
190,Panthers,17,Cardinals,10,Panthers,home,7,27
191,Panthers,18,Cardinals,17,Panthers,home,1,35
192,Panthers,13,Cardinals,31,Cardinals,away,-18,44
193,Panthers,38,Cardinals,34,Panthers,home,4,72
194,Panthers,34,Cardinals,13,Panthers,home,21,47
195,Panthers,20,Cardinals,10,Panthers,home,10,30
196,Panthers,16,Cardinals,14,Panthers,home,2,30
197,Panthers,17,Cardinals,16,Panthers,home,1,33
198,Panthers,27,Cardinals,0,Panthers,home,27,27
199,Panthers,20,Cardinals,27,Cardinals,away,-7,47
200,Panthers,27,Cardinals,38,Cardinals,away,-11,65
201,Bears,26,Colts,23,Bears,home,3,49
202,Bears,21,Colts,30,Colts,away,-9,51
203,Bears,13,Colts,27,Colts,away,-14,40
204,Bears,0,Colts,23,Colts,away,-23,23
205,Bears,21,Colts,10,Bears,home,11,31
206,Bears,17,Colts,28,Colts,away,-11,45
207,Bears,20,Colts,6,Bears,home,14,26
208,Bears,0,Colts,37,Colts,away,-37,37
209,Bears,24,Colts,10,Bears,home,14,34
210,Bears,28,Colts,24,Bears,home,4,52
211,Bears,14,Colts,16,Colts,away,-2,30
212,Bears,10,Colts,17,Colts,away,-7,27
213,Bears,14,Colts,23,Colts,away,-9,37
214,Bears,21,Colts,20,Bears,home,1,41
215,Bears,28,Colts,23,Bears,home,5,51
216,Bears,10,Colts,23,Colts,away,-13,33
217,Bears,14,Colts,38,Colts,away,-24,52
218,Bears,10,Colts,26,Colts,away,-16,36
219,Bears,24,Colts,16,Bears,home,8,40
220,Bears,3,Colts,32,Colts,away,-29,35
221,Bears,17,Colts,30,Colts,away,-13,47
222,Bears,24,Colts,16,Bears,home,8,40
223,Bears,0,Colts,16,Colts,away,-16,16
224,Bears,10,Colts,14,Colts,away,-4,24
225,Bears,31,Colts,20,Bears,home,11,51
226,Bears,10,Colts,16,Colts,away,-6,26
227,Bears,9,Colts,27,Colts,away,-18,36
228,Bears,20,Colts,17,Bears,home,3,37
229,Bears,3,Colts,6,Colts,away,-3,9
230,Bears,6,Colts,34,Colts,away,-28,40
231,Bears,0,Colts,33,Colts,away,-33,33
232,Bears,13,Colts,24,Colts,away,-11,37
233,Bears,9,Colts,20,Colts,away,-11,29
234,Bears,9,Colts,23,Colts,away,-14,32
235,Bears,14,Colts,24,Colts,away,-10,38
236,Bears,6,Colts,44,Colts,away,-38,50
237,Bears,20,Colts,10,Bears,home,10,30
238,Bears,13,Colts,17,Colts,away,-4,30
239,Bears,7,Colts,20,Colts,away,-13,27
240,Bears,14,Colts,26,Colts,away,-12,40
241,Bears,17,Colts,26,Colts,away,-9,43
242,Bears,14,Colts,42,Colts,away,-28,56
243,Bears,28,Colts,23,Bears,home,5,51
244,Bears,14,Colts,34,Colts,away,-20,48
245,Bears,17,Colts,20,Colts,away,-3,37
246,Bears,10,Colts,16,Colts,away,-6,26
247,Bears,17,Colts,27,Colts,away,-10,44
248,Bears,20,Colts,38,Colts,away,-18,58
249,Bears,31,Colts,17,Bears,home,14,48
250,Bears,0,Colts,13,Colts,away,-13,13
251,Bears,10,Colts,27,Colts,away,-17,37
252,Bears,6,Colts,37,Colts,away,-31,43
253,Bears,14,Colts,41,Colts,away,-27,55
254,Bears,3,Colts,17,Colts,away,-14,20
255,Bears,24,Colts,21,Bears,home,3,45
256,Bears,9,Colts,19,Colts,away,-10,28
257,Bears,10,Colts,16,Colts,away,-6,26
258,Bears,20,Colts,13,Bears,home,7,33
259,Bears,3,Colts,33,Colts,away,-30,36
260,Bears,24,Colts,31,Colts,away,-7,55
261,Bears,28,Colts,20,Bears,home,8,48
262,Bears,7,Colts,20,Colts,away,-13,27
263,Bears,16,Colts,13,Bears,home,3,29
264,Bears,35,Colts,13,Bears,home,22,48
265,Bears,21,Colts,37,Colts,away,-16,58
266,Bears,0,Colts,36,Colts,away,-36,36
267,Bears,28,Colts,23,Bears,home,5,51
268,Bears,14,Colts,34,Colts,away,-20,48
269,Bears,12,Colts,36,Colts,away,-24,48
270,Bears,10,Colts,11,Colts,away,-1,21
271,Bears,14,Colts,17,Colts,away,-3,31
272,Bears,21,Colts,34,Colts,away,-13,55
273,Bears,21,Colts,26,Colts,away,-5,47
274,Bears,13,Colts,23,Colts,away,-10,36
275,Bears,6,Colts,17,Colts,away,-11,23
276,Bears,14,Colts,21,Colts,away,-7,35
277,Bears,31,Colts,41,Colts,away,-10,72
278,Bears,40,Colts,3,Bears,home,37,43
279,Bears,6,Colts,45,Colts,away,-39,51
280,Bears,30,Colts,10,Bears,home,20,40
281,Bears,14,Colts,20,Colts,away,-6,34
282,Bears,21,Colts,38,Colts,away,-17,59
283,Bears,7,Colts,13,Colts,away,-6,20
284,Bears,17,Colts,20,Colts,away,-3,37
285,Bears,24,Colts,28,Colts,away,-4,52
286,Bears,17,Colts,3,Bears,home,14,20
287,Bears,6,Colts,26,Colts,away,-20,32
288,Bears,16,Colts,37,Colts,away,-21,53
289,Bears,3,Colts,24,Colts,away,-21,27
290,Bears,23,Colts,10,Bears,home,13,33
291,Bears,7,Colts,9,Colts,away,-2,16
292,Bears,31,Colts,12,Bears,home,19,43
293,Bears,13,Colts,37,Colts,away,-24,50
294,Bears,17,Colts,10,Bears,home,7,27
295,Bears,10,Colts,40,Colts,away,-30,50
296,Bears,24,Colts,13,Bears,home,11,37
297,Bears,10,Colts,9,Bears,home,1,19
298,Bears,10,Colts,17,Colts,away,-7,27
299,Bears,49,Colts,16,Bears,home,33,65
300,Bears,14,Colts,16,Colts,away,-2,30
301,Bengals,10,Jaguars,31,Jaguars,away,-21,41
302,Bengals,13,Jaguars,24,Jaguars,away,-11,37
303,Bengals,23,Jaguars,14,Bengals,home,9,37
304,Bengals,13,Jaguars,7,Bengals,home,6,20
305,Bengals,26,Jaguars,14,Bengals,home,12,40
306,Bengals,20,Jaguars,10,Bengals,home,10,30
307,Bengals,17,Jaguars,14,Bengals,home,3,31
308,Bengals,22,Jaguars,0,Bengals,home,22,22
309,Bengals,13,Jaguars,14,Jaguars,away,-1,27
310,Bengals,7,Jaguars,24,Jaguars,away,-17,31
311,Bengals,20,Jaguars,7,Bengals,home,13,27
312,Bengals,34,Jaguars,9,Bengals,home,25,43
313,Bengals,20,Jaguars,7,Bengals,home,13,27
314,Bengals,17,Jaguars,7,Bengals,home,10,24
315,Bengals,28,Jaguars,21,Bengals,home,7,49
316,Bengals,16,Jaguars,14,Bengals,home,2,30
317,Bengals,37,Jaguars,49,Jaguars,away,-12,86
318,Bengals,45,Jaguars,17,Bengals,home,28,62
319,Bengals,10,Jaguars,17,Jaguars,away,-7,27
320,Bengals,30,Jaguars,3,Bengals,home,27,33
321,Bengals,3,Jaguars,35,Jaguars,away,-32,38
322,Bengals,27,Jaguars,24,Bengals,home,3,51
323,Bengals,10,Jaguars,17,Jaguars,away,-7,27
324,Bengals,24,Jaguars,35,Jaguars,away,-11,59
325,Bengals,21,Jaguars,6,Bengals,home,15,27
326,Bengals,29,Jaguars,0,Bengals,home,29,29
327,Bengals,23,Jaguars,14,Bengals,home,9,37
328,Bengals,6,Jaguars,35,Jaguars,away,-29,41
329,Bengals,17,Jaguars,38,Jaguars,away,-21,55
330,Bengals,13,Jaguars,28,Jaguars,away,-15,41
331,Bengals,27,Jaguars,31,Jaguars,away,-4,58
332,Bengals,17,Jaguars,28,Jaguars,away,-11,45
333,Bengals,27,Jaguars,24,Bengals,home,3,51
334,Bengals,34,Jaguars,10,Bengals,home,24,44
335,Bengals,10,Jaguars,37,Jaguars,away,-27,47
336,Bengals,17,Jaguars,21,Jaguars,away,-4,38
337,Bengals,10,Jaguars,21,Jaguars,away,-11,31
338,Bengals,30,Jaguars,21,Bengals,home,9,51
339,Bengals,13,Jaguars,35,Jaguars,away,-22,48
340,Bengals,17,Jaguars,38,Jaguars,away,-21,55
341,Bengals,20,Jaguars,14,Bengals,home,6,34
342,Bengals,26,Jaguars,14,Bengals,home,12,40
343,Bengals,10,Jaguars,17,Jaguars,away,-7,27
344,Bengals,6,Jaguars,3,Bengals,home,3,9
345,Bengals,15,Jaguars,3,Bengals,home,12,18
346,Bengals,20,Jaguars,24,Jaguars,away,-4,44
347,Bengals,17,Jaguars,14,Bengals,home,3,31
348,Bengals,19,Jaguars,9,Bengals,home,10,28
349,Bengals,10,Jaguars,21,Jaguars,away,-11,31
350,Bengals,17,Jaguars,35,Jaguars,away,-18,52
351,Bengals,14,Jaguars,48,Jaguars,away,-34,62
352,Bengals,13,Jaguars,17,Jaguars,away,-4,30
353,Bengals,17,Jaguars,35,Jaguars,away,-18,52
354,Bengals,10,Jaguars,27,Jaguars,away,-17,37
355,Bengals,34,Jaguars,21,Bengals,home,13,55
356,Bengals,0,Jaguars,42,Jaguars,away,-42,42
357,Bengals,34,Jaguars,38,Jaguars,away,-4,72
358,Bengals,20,Jaguars,21,Jaguars,away,-1,41
359,Bengals,10,Jaguars,7,Bengals,home,3,17
360,Bengals,9,Jaguars,17,Jaguars,away,-8,26
361,Bengals,17,Jaguars,20,Jaguars,away,-3,37
362,Bengals,17,Jaguars,35,Jaguars,away,-18,52
363,Bengals,24,Jaguars,17,Bengals,home,7,41
364,Bengals,19,Jaguars,28,Jaguars,away,-9,47
365,Bengals,6,Jaguars,21,Jaguars,away,-15,27
366,Bengals,14,Jaguars,28,Jaguars,away,-14,42
367,Bengals,24,Jaguars,28,Jaguars,away,-4,52
368,Bengals,19,Jaguars,35,Jaguars,away,-16,54
369,Bengals,20,Jaguars,14,Bengals,home,6,34
370,Bengals,37,Jaguars,17,Bengals,home,20,54
371,Bengals,17,Jaguars,28,Jaguars,away,-11,45
372,Bengals,10,Jaguars,21,Jaguars,away,-11,31
373,Bengals,13,Jaguars,42,Jaguars,away,-29,55
374,Bengals,13,Jaguars,28,Jaguars,away,-15,41
375,Bengals,14,Jaguars,28,Jaguars,away,-14,42
376,Bengals,3,Jaguars,14,Jaguars,away,-11,17
377,Bengals,13,Jaguars,0,Bengals,home,13,13
378,Bengals,13,Jaguars,31,Jaguars,away,-18,44
379,Bengals,6,Jaguars,14,Jaguars,away,-8,20
380,Bengals,20,Jaguars,35,Jaguars,away,-15,55
381,Bengals,28,Jaguars,14,Bengals,home,14,42
382,Bengals,31,Jaguars,14,Bengals,home,17,45
383,Bengals,14,Jaguars,7,Bengals,home,7,21
384,Bengals,14,Jaguars,3,Bengals,home,11,17
385,Bengals,20,Jaguars,24,Jaguars,away,-4,44
386,Bengals,21,Jaguars,31,Jaguars,away,-10,52
387,Bengals,10,Jaguars,13,Jaguars,away,-3,23
388,Bengals,16,Jaguars,24,Jaguars,away,-8,40
389,Bengals,17,Jaguars,21,Jaguars,away,-4,38
390,Bengals,19,Jaguars,10,Bengals,home,9,29
391,Bengals,21,Jaguars,14,Bengals,home,7,35
392,Bengals,13,Jaguars,31,Jaguars,away,-18,44
393,Bengals,27,Jaguars,10,Bengals,home,17,37
394,Bengals,3,Jaguars,31,Jaguars,away,-28,34
395,Bengals,17,Jaguars,7,Bengals,home,10,24
396,Bengals,7,Jaguars,31,Jaguars,away,-24,38
397,Bengals,3,Jaguars,31,Jaguars,away,-28,34
398,Bengals,16,Jaguars,38,Jaguars,away,-22,54
399,Bengals,0,Jaguars,38,Jaguars,away,-38,38
400,Bengals,6,Jaguars,35,Jaguars,away,-29,41
401,Cowboys,33,Browns,45,Browns,away,-12,78
402,Cowboys,33,Browns,14,Cowboys,home,19,47
403,Cowboys,27,Browns,13,Cowboys,home,14,40
404,Cowboys,49,Browns,20,Cowboys,home,29,69
405,Cowboys,27,Browns,33,Browns,away,-6,60
406,Cowboys,27,Browns,16,Cowboys,home,11,43
407,Cowboys,31,Browns,19,Cowboys,home,12,50
408,Cowboys,17,Browns,31,Browns,away,-14,48
409,Cowboys,20,Browns,29,Browns,away,-9,49
410,Cowboys,24,Browns,29,Browns,away,-5,53
411,Cowboys,15,Browns,20,Browns,away,-5,35
412,Cowboys,38,Browns,34,Cowboys,home,4,72
413,Cowboys,20,Browns,25,Browns,away,-5,45
414,Cowboys,42,Browns,19,Cowboys,home,23,61
415,Cowboys,24,Browns,19,Cowboys,home,5,43
416,Cowboys,20,Browns,9,Cowboys,home,11,29
417,Cowboys,27,Browns,24,Cowboys,home,3,51
418,Cowboys,24,Browns,35,Browns,away,-11,59
419,Cowboys,17,Browns,9,Cowboys,home,8,26
420,Cowboys,24,Browns,31,Browns,away,-7,55
421,Cowboys,45,Browns,13,Cowboys,home,32,58
422,Cowboys,23,Browns,13,Cowboys,home,10,36
423,Cowboys,52,Browns,34,Cowboys,home,18,86
424,Cowboys,33,Browns,13,Cowboys,home,20,46
425,Cowboys,31,Browns,41,Browns,away,-10,72
426,Cowboys,21,Browns,49,Browns,away,-28,70
427,Cowboys,34,Browns,24,Cowboys,home,10,58
428,Cowboys,34,Browns,20,Cowboys,home,14,54
429,Cowboys,13,Browns,10,Cowboys,home,3,23
430,Cowboys,17,Browns,48,Browns,away,-31,65
431,Cowboys,21,Browns,34,Browns,away,-13,55
432,Cowboys,30,Browns,28,Cowboys,home,2,58
433,Cowboys,17,Browns,31,Browns,away,-14,48
434,Cowboys,27,Browns,40,Browns,away,-13,67
435,Cowboys,38,Browns,34,Cowboys,home,4,72
436,Cowboys,31,Browns,23,Cowboys,home,8,54
437,Cowboys,28,Browns,27,Cowboys,home,1,55
438,Cowboys,6,Browns,16,Browns,away,-10,22
439,Cowboys,35,Browns,27,Cowboys,home,8,62
440,Cowboys,24,Browns,27,Browns,away,-3,51
441,Cowboys,41,Browns,36,Cowboys,home,5,77
442,Cowboys,20,Browns,17,Cowboys,home,3,37
443,Cowboys,23,Browns,19,Cowboys,home,4,42
444,Cowboys,28,Browns,27,Cowboys,home,1,55
445,Cowboys,24,Browns,27,Browns,away,-3,51
446,Cowboys,27,Browns,10,Cowboys,home,17,37
447,Cowboys,24,Browns,20,Cowboys,home,4,44
448,Cowboys,34,Browns,14,Cowboys,home,20,48
449,Cowboys,13,Browns,23,Browns,away,-10,36
450,Cowboys,14,Browns,31,Browns,away,-17,45
451,Cowboys,13,Browns,30,Browns,away,-17,43
452,Cowboys,23,Browns,16,Cowboys,home,7,39
453,Cowboys,20,Browns,45,Browns,away,-25,65
454,Cowboys,24,Browns,34,Browns,away,-10,58
455,Cowboys,44,Browns,6,Cowboys,home,38,50
456,Cowboys,41,Browns,24,Cowboys,home,17,65
457,Cowboys,23,Browns,30,Browns,away,-7,53
458,Cowboys,16,Browns,38,Browns,away,-22,54
459,Cowboys,35,Browns,27,Cowboys,home,8,62
460,Cowboys,23,Browns,35,Browns,away,-12,58
461,Cowboys,16,Browns,6,Cowboys,home,10,22
462,Cowboys,44,Browns,13,Cowboys,home,31,57
463,Cowboys,13,Browns,23,Browns,away,-10,36
464,Cowboys,44,Browns,20,Cowboys,home,24,64
465,Cowboys,14,Browns,54,Browns,away,-40,68
466,Cowboys,3,Browns,41,Browns,away,-38,44
467,Cowboys,35,Browns,24,Cowboys,home,11,59
468,Cowboys,31,Browns,27,Cowboys,home,4,58
469,Cowboys,10,Browns,20,Browns,away,-10,30
470,Cowboys,42,Browns,10,Cowboys,home,32,52
471,Cowboys,27,Browns,30,Browns,away,-3,57
472,Cowboys,30,Browns,9,Cowboys,home,21,39
473,Cowboys,27,Browns,23,Cowboys,home,4,50
474,Cowboys,55,Browns,48,Cowboys,home,7,103
475,Cowboys,35,Browns,29,Cowboys,home,6,64
476,Cowboys,31,Browns,40,Browns,away,-9,71
477,Cowboys,24,Browns,17,Cowboys,home,7,41
478,Cowboys,31,Browns,15,Cowboys,home,16,46
479,Cowboys,21,Browns,50,Browns,away,-29,71
480,Cowboys,0,Browns,44,Browns,away,-44,44
481,Cowboys,27,Browns,20,Cowboys,home,7,47
482,Cowboys,17,Browns,49,Browns,away,-32,66
483,Cowboys,30,Browns,26,Cowboys,home,4,56
484,Cowboys,20,Browns,38,Browns,away,-18,58
485,Cowboys,6,Browns,33,Browns,away,-27,39
486,Cowboys,41,Browns,44,Browns,away,-3,85
487,Cowboys,20,Browns,30,Browns,away,-10,50
488,Cowboys,21,Browns,26,Browns,away,-5,47
489,Cowboys,14,Browns,19,Browns,away,-5,33
490,Cowboys,13,Browns,66,Browns,away,-53,79
491,Cowboys,69,Browns,21,Cowboys,home,48,90
492,Cowboys,10,Browns,19,Browns,away,-9,29
493,Cowboys,42,Browns,33,Cowboys,home,9,75
494,Cowboys,19,Browns,34,Browns,away,-15,53
495,Cowboys,20,Browns,27,Browns,away,-7,47
496,Cowboys,38,Browns,17,Cowboys,home,21,55
497,Cowboys,49,Browns,23,Cowboys,home,26,72
498,Cowboys,28,Browns,33,Browns,away,-5,61
499,Cowboys,13,Browns,30,Browns,away,-17,43
500,Cowboys,38,Browns,45,Browns,away,-7,83
501,Lions,6,Saints,17,Saints,away,-11,23
502,Lions,17,Saints,34,Saints,away,-17,51
503,Lions,16,Saints,30,Saints,away,-14,46
504,Lions,23,Saints,13,Lions,home,10,36
505,Lions,3,Saints,14,Saints,away,-11,17
506,Lions,14,Saints,30,Saints,away,-16,44
507,Lions,20,Saints,19,Lions,home,1,39
508,Lions,21,Saints,9,Lions,home,12,30
509,Lions,20,Saints,13,Lions,home,7,33
510,Lions,30,Saints,23,Lions,home,7,53
511,Lions,20,Saints,10,Lions,home,10,30
512,Lions,20,Saints,33,Saints,away,-13,53
513,Lions,21,Saints,14,Lions,home,7,35
514,Lions,20,Saints,23,Saints,away,-3,43
515,Lions,17,Saints,37,Saints,away,-20,54
516,Lions,13,Saints,16,Saints,away,-3,29
517,Lions,20,Saints,30,Saints,away,-10,50
518,Lions,31,Saints,20,Lions,home,11,51
519,Lions,28,Saints,23,Lions,home,5,51
520,Lions,17,Saints,30,Saints,away,-13,47
521,Lions,6,Saints,23,Saints,away,-17,29
522,Lions,30,Saints,16,Lions,home,14,46
523,Lions,28,Saints,35,Saints,away,-7,63
524,Lions,52,Saints,13,Lions,home,39,65
525,Lions,13,Saints,33,Saints,away,-20,46
526,Lions,20,Saints,38,Saints,away,-18,58
527,Lions,31,Saints,30,Lions,home,1,61
528,Lions,7,Saints,21,Saints,away,-14,28
529,Lions,10,Saints,43,Saints,away,-33,53
530,Lions,6,Saints,33,Saints,away,-27,39
531,Lions,31,Saints,23,Lions,home,8,54
532,Lions,25,Saints,7,Lions,home,18,32
533,Lions,27,Saints,34,Saints,away,-7,61
534,Lions,10,Saints,30,Saints,away,-20,40
535,Lions,17,Saints,3,Lions,home,14,20
536,Lions,20,Saints,12,Lions,home,8,32
537,Lions,30,Saints,37,Saints,away,-7,67
538,Lions,7,Saints,27,Saints,away,-20,34
539,Lions,6,Saints,24,Saints,away,-18,30
540,Lions,24,Saints,34,Saints,away,-10,58
541,Lions,17,Saints,16,Lions,home,1,33
542,Lions,17,Saints,23,Saints,away,-6,40
543,Lions,24,Saints,21,Lions,home,3,45
544,Lions,6,Saints,19,Saints,away,-13,25
545,Lions,37,Saints,14,Lions,home,23,51
546,Lions,13,Saints,44,Saints,away,-31,57
547,Lions,7,Saints,17,Saints,away,-10,24
548,Lions,10,Saints,20,Saints,away,-10,30
549,Lions,28,Saints,23,Lions,home,5,51
550,Lions,26,Saints,34,Saints,away,-8,60
551,Lions,20,Saints,6,Lions,home,14,26
552,Lions,13,Saints,27,Saints,away,-14,40
553,Lions,14,Saints,48,Saints,away,-34,62
554,Lions,0,Saints,34,Saints,away,-34,34
555,Lions,23,Saints,24,Saints,away,-1,47
556,Lions,14,Saints,20,Saints,away,-6,34
557,Lions,27,Saints,20,Lions,home,7,47
558,Lions,13,Saints,24,Saints,away,-11,37
559,Lions,3,Saints,36,Saints,away,-33,39
560,Lions,21,Saints,19,Lions,home,2,40
561,Lions,13,Saints,24,Saints,away,-11,37
562,Lions,13,Saints,19,Saints,away,-6,32
563,Lions,24,Saints,23,Lions,home,1,47
564,Lions,14,Saints,22,Saints,away,-8,36
565,Lions,20,Saints,27,Saints,away,-7,47
566,Lions,24,Saints,7,Lions,home,17,31
567,Lions,7,Saints,38,Saints,away,-31,45
568,Lions,24,Saints,35,Saints,away,-11,59
569,Lions,7,Saints,22,Saints,away,-15,29
570,Lions,13,Saints,20,Saints,away,-7,33
571,Lions,38,Saints,16,Lions,home,22,54
572,Lions,34,Saints,17,Lions,home,17,51
573,Lions,31,Saints,24,Lions,home,7,55
574,Lions,20,Saints,15,Lions,home,5,35
575,Lions,20,Saints,38,Saints,away,-18,58
576,Lions,7,Saints,34,Saints,away,-27,41
577,Lions,20,Saints,12,Lions,home,8,32
578,Lions,26,Saints,6,Lions,home,20,32
579,Lions,24,Saints,14,Lions,home,10,38
580,Lions,10,Saints,16,Saints,away,-6,26
581,Lions,16,Saints,24,Saints,away,-8,40
582,Lions,13,Saints,30,Saints,away,-17,43
583,Lions,23,Saints,35,Saints,away,-12,58
584,Lions,27,Saints,24,Lions,home,3,51
585,Lions,13,Saints,30,Saints,away,-17,43
586,Lions,20,Saints,13,Lions,home,7,33
587,Lions,38,Saints,24,Lions,home,14,62
588,Lions,21,Saints,44,Saints,away,-23,65
589,Lions,20,Saints,26,Saints,away,-6,46
590,Lions,26,Saints,20,Lions,home,6,46
591,Lions,35,Saints,30,Lions,home,5,65
592,Lions,13,Saints,28,Saints,away,-15,41
593,Lions,30,Saints,26,Lions,home,4,56
594,Lions,10,Saints,26,Saints,away,-16,36
595,Lions,3,Saints,26,Saints,away,-23,29
596,Lions,20,Saints,24,Saints,away,-4,44
597,Lions,30,Saints,26,Lions,home,4,56
598,Lions,23,Saints,16,Lions,home,7,39
599,Lions,3,Saints,34,Saints,away,-31,37
600,Lions,17,Saints,44,Saints,away,-27,61
601,Texans,14,Vikings,17,Vikings,away,-3,31
602,Texans,35,Vikings,7,Texans,home,28,42
603,Texans,35,Vikings,27,Texans,home,8,62
604,Texans,14,Vikings,23,Vikings,away,-9,37
605,Texans,9,Vikings,20,Vikings,away,-11,29
606,Texans,10,Vikings,27,Vikings,away,-17,37
607,Texans,42,Vikings,3,Texans,home,39,45
608,Texans,20,Vikings,31,Vikings,away,-11,51
609,Texans,27,Vikings,24,Texans,home,3,51
610,Texans,13,Vikings,20,Vikings,away,-7,33
611,Texans,10,Vikings,28,Vikings,away,-18,38
612,Texans,21,Vikings,9,Texans,home,12,30
613,Texans,21,Vikings,17,Texans,home,4,38
614,Texans,17,Vikings,28,Vikings,away,-11,45
615,Texans,14,Vikings,55,Vikings,away,-41,69
616,Texans,14,Vikings,37,Vikings,away,-23,51
617,Texans,27,Vikings,6,Texans,home,21,33
618,Texans,27,Vikings,23,Texans,home,4,50
619,Texans,52,Vikings,17,Texans,home,35,69
620,Texans,21,Vikings,14,Texans,home,7,35
621,Texans,20,Vikings,17,Texans,home,3,37
622,Texans,10,Vikings,24,Vikings,away,-14,34
623,Texans,34,Vikings,24,Texans,home,10,58
624,Texans,17,Vikings,13,Texans,home,4,30
625,Texans,20,Vikings,30,Vikings,away,-10,50
626,Texans,35,Vikings,24,Texans,home,11,59
627,Texans,34,Vikings,21,Texans,home,13,55
628,Texans,24,Vikings,27,Vikings,away,-3,51
629,Texans,10,Vikings,28,Vikings,away,-18,38
630,Texans,17,Vikings,6,Texans,home,11,23
631,Texans,34,Vikings,24,Texans,home,10,58
632,Texans,21,Vikings,27,Vikings,away,-6,48
633,Texans,31,Vikings,38,Vikings,away,-7,69
634,Texans,30,Vikings,38,Vikings,away,-8,68
635,Texans,27,Vikings,10,Texans,home,17,37
636,Texans,38,Vikings,27,Texans,home,11,65
637,Texans,35,Vikings,31,Texans,home,4,66
638,Texans,30,Vikings,24,Texans,home,6,54
639,Texans,41,Vikings,17,Texans,home,24,58
640,Texans,10,Vikings,45,Vikings,away,-35,55
641,Texans,38,Vikings,13,Texans,home,25,51
642,Texans,10,Vikings,17,Vikings,away,-7,27
643,Texans,16,Vikings,13,Texans,home,3,29
644,Texans,23,Vikings,24,Vikings,away,-1,47
645,Texans,26,Vikings,14,Texans,home,12,40
646,Texans,20,Vikings,14,Texans,home,6,34
647,Texans,10,Vikings,28,Vikings,away,-18,38
648,Texans,28,Vikings,7,Texans,home,21,35
649,Texans,14,Vikings,21,Vikings,away,-7,35
650,Texans,14,Vikings,20,Vikings,away,-6,34
651,Texans,41,Vikings,10,Texans,home,31,51
652,Texans,7,Vikings,24,Vikings,away,-17,31
653,Texans,14,Vikings,10,Texans,home,4,24
654,Texans,24,Vikings,17,Texans,home,7,41
655,Texans,31,Vikings,21,Texans,home,10,52
656,Texans,24,Vikings,16,Texans,home,8,40
657,Texans,10,Vikings,31,Vikings,away,-21,41
658,Texans,42,Vikings,20,Texans,home,22,62
659,Texans,34,Vikings,17,Texans,home,17,51
660,Texans,21,Vikings,13,Texans,home,8,34
661,Texans,41,Vikings,17,Texans,home,24,58
662,Texans,34,Vikings,21,Texans,home,13,55
663,Texans,10,Vikings,38,Vikings,away,-28,48
664,Texans,9,Vikings,31,Vikings,away,-22,40
665,Texans,20,Vikings,24,Vikings,away,-4,44
666,Texans,35,Vikings,10,Texans,home,25,45
667,Texans,20,Vikings,24,Vikings,away,-4,44
668,Texans,13,Vikings,14,Vikings,away,-1,27
669,Texans,51,Vikings,0,Texans,home,51,51
670,Texans,31,Vikings,28,Texans,home,3,59
671,Texans,31,Vikings,27,Texans,home,4,58
672,Texans,35,Vikings,14,Texans,home,21,49
673,Texans,23,Vikings,14,Texans,home,9,37
674,Texans,16,Vikings,41,Vikings,away,-25,57
675,Texans,31,Vikings,27,Texans,home,4,58
676,Texans,13,Vikings,10,Texans,home,3,23
677,Texans,34,Vikings,30,Texans,home,4,64
678,Texans,42,Vikings,6,Texans,home,36,48
679,Texans,28,Vikings,27,Texans,home,1,55
680,Texans,24,Vikings,17,Texans,home,7,41
681,Texans,16,Vikings,31,Vikings,away,-15,47
682,Texans,31,Vikings,34,Vikings,away,-3,65
683,Texans,31,Vikings,19,Texans,home,12,50
684,Texans,24,Vikings,17,Texans,home,7,41
685,Texans,20,Vikings,27,Vikings,away,-7,47
686,Texans,27,Vikings,21,Texans,home,6,48
687,Texans,14,Vikings,20,Vikings,away,-6,34
688,Texans,41,Vikings,48,Vikings,away,-7,89
689,Texans,17,Vikings,19,Vikings,away,-2,36
690,Texans,20,Vikings,17,Texans,home,3,37
691,Texans,7,Vikings,27,Vikings,away,-20,34
692,Texans,28,Vikings,13,Texans,home,15,41
693,Texans,35,Vikings,42,Vikings,away,-7,77
694,Texans,24,Vikings,21,Texans,home,3,45
695,Texans,21,Vikings,28,Vikings,away,-7,49
696,Texans,13,Vikings,33,Vikings,away,-20,46
697,Texans,9,Vikings,31,Vikings,away,-22,40
698,Texans,34,Vikings,13,Texans,home,21,47
699,Texans,16,Vikings,20,Vikings,away,-4,36
700,Texans,21,Vikings,14,Texans,home,7,35
701,Dolphins,6,Seahawks,49,Seahawks,away,-43,55
702,Dolphins,13,Seahawks,49,Seahawks,away,-36,62
703,Dolphins,10,Seahawks,28,Seahawks,away,-18,38
704,Dolphins,20,Seahawks,23,Seahawks,away,-3,43
705,Dolphins,3,Seahawks,59,Seahawks,away,-56,62
706,Dolphins,20,Seahawks,42,Seahawks,away,-22,62
707,Dolphins,22,Seahawks,59,Seahawks,away,-37,81
708,Dolphins,11,Seahawks,44,Seahawks,away,-33,55
709,Dolphins,10,Seahawks,51,Seahawks,away,-41,61
710,Dolphins,6,Seahawks,27,Seahawks,away,-21,33
711,Dolphins,9,Seahawks,30,Seahawks,away,-21,39
712,Dolphins,23,Seahawks,27,Seahawks,away,-4,50
713,Dolphins,10,Seahawks,37,Seahawks,away,-27,47
714,Dolphins,7,Seahawks,33,Seahawks,away,-26,40
715,Dolphins,13,Seahawks,40,Seahawks,away,-27,53
716,Dolphins,23,Seahawks,27,Seahawks,away,-4,50
717,Dolphins,26,Seahawks,38,Seahawks,away,-12,64
718,Dolphins,13,Seahawks,45,Seahawks,away,-32,58
719,Dolphins,28,Seahawks,23,Dolphins,home,5,51
720,Dolphins,31,Seahawks,37,Seahawks,away,-6,68
721,Dolphins,17,Seahawks,38,Seahawks,away,-21,55
722,Dolphins,13,Seahawks,27,Seahawks,away,-14,40
723,Dolphins,3,Seahawks,30,Seahawks,away,-27,33
724,Dolphins,15,Seahawks,31,Seahawks,away,-16,46
725,Dolphins,23,Seahawks,17,Dolphins,home,6,40
726,Dolphins,23,Seahawks,0,Dolphins,home,23,23
727,Dolphins,20,Seahawks,27,Seahawks,away,-7,47
728,Dolphins,24,Seahawks,30,Seahawks,away,-6,54
729,Dolphins,17,Seahawks,31,Seahawks,away,-14,48
730,Dolphins,19,Seahawks,31,Seahawks,away,-12,50
731,Dolphins,10,Seahawks,33,Seahawks,away,-23,43
732,Dolphins,27,Seahawks,42,Seahawks,away,-15,69
733,Dolphins,6,Seahawks,31,Seahawks,away,-25,37
734,Dolphins,28,Seahawks,31,Seahawks,away,-3,59
735,Dolphins,23,Seahawks,31,Seahawks,away,-8,54
736,Dolphins,27,Seahawks,28,Seahawks,away,-1,55
737,Dolphins,30,Seahawks,31,Seahawks,away,-1,61
738,Dolphins,15,Seahawks,31,Seahawks,away,-16,46
739,Dolphins,13,Seahawks,38,Seahawks,away,-25,51
740,Dolphins,12,Seahawks,28,Seahawks,away,-16,40
741,Dolphins,17,Seahawks,38,Seahawks,away,-21,55
742,Dolphins,34,Seahawks,36,Seahawks,away,-2,70
743,Dolphins,17,Seahawks,36,Seahawks,away,-19,53
744,Dolphins,10,Seahawks,56,Seahawks,away,-46,66
745,Dolphins,20,Seahawks,28,Seahawks,away,-8,48
746,Dolphins,14,Seahawks,44,Seahawks,away,-30,58
747,Dolphins,31,Seahawks,34,Seahawks,away,-3,65
748,Dolphins,17,Seahawks,31,Seahawks,away,-14,48
749,Dolphins,23,Seahawks,31,Seahawks,away,-8,54
750,Dolphins,28,Seahawks,27,Dolphins,home,1,55
751,Dolphins,3,Seahawks,30,Seahawks,away,-27,33
752,Dolphins,24,Seahawks,42,Seahawks,away,-18,66
753,Dolphins,20,Seahawks,59,Seahawks,away,-39,79
754,Dolphins,20,Seahawks,37,Seahawks,away,-17,57
755,Dolphins,13,Seahawks,38,Seahawks,away,-25,51
756,Dolphins,17,Seahawks,38,Seahawks,away,-21,55
757,Dolphins,30,Seahawks,49,Seahawks,away,-19,79
758,Dolphins,14,Seahawks,33,Seahawks,away,-19,47
759,Dolphins,10,Seahawks,29,Seahawks,away,-19,39
760,Dolphins,12,Seahawks,37,Seahawks,away,-25,49
761,Dolphins,17,Seahawks,52,Seahawks,away,-35,69
762,Dolphins,6,Seahawks,45,Seahawks,away,-39,51
763,Dolphins,21,Seahawks,30,Seahawks,away,-9,51
764,Dolphins,17,Seahawks,38,Seahawks,away,-21,55
765,Dolphins,19,Seahawks,40,Seahawks,away,-21,59
766,Dolphins,34,Seahawks,19,Dolphins,home,15,53
767,Dolphins,24,Seahawks,30,Seahawks,away,-6,54
768,Dolphins,16,Seahawks,42,Seahawks,away,-26,58
769,Dolphins,7,Seahawks,41,Seahawks,away,-34,48
770,Dolphins,20,Seahawks,24,Seahawks,away,-4,44
771,Dolphins,21,Seahawks,23,Seahawks,away,-2,44
772,Dolphins,13,Seahawks,38,Seahawks,away,-25,51
773,Dolphins,37,Seahawks,38,Seahawks,away,-1,75
774,Dolphins,16,Seahawks,42,Seahawks,away,-26,58
775,Dolphins,27,Seahawks,56,Seahawks,away,-29,83
776,Dolphins,3,Seahawks,65,Seahawks,away,-62,68
777,Dolphins,14,Seahawks,37,Seahawks,away,-23,51
778,Dolphins,10,Seahawks,44,Seahawks,away,-34,54
779,Dolphins,17,Seahawks,33,Seahawks,away,-16,50
780,Dolphins,17,Seahawks,59,Seahawks,away,-42,76
781,Dolphins,10,Seahawks,37,Seahawks,away,-27,47
782,Dolphins,9,Seahawks,38,Seahawks,away,-29,47
783,Dolphins,3,Seahawks,44,Seahawks,away,-41,47
784,Dolphins,14,Seahawks,20,Seahawks,away,-6,34
785,Dolphins,20,Seahawks,27,Seahawks,away,-7,47
786,Dolphins,10,Seahawks,44,Seahawks,away,-34,54
787,Dolphins,16,Seahawks,37,Seahawks,away,-21,53
788,Dolphins,14,Seahawks,41,Seahawks,away,-27,55
789,Dolphins,13,Seahawks,34,Seahawks,away,-21,47
790,Dolphins,27,Seahawks,38,Seahawks,away,-11,65
791,Dolphins,21,Seahawks,58,Seahawks,away,-37,79
792,Dolphins,28,Seahawks,37,Seahawks,away,-9,65
793,Dolphins,16,Seahawks,45,Seahawks,away,-29,61
794,Dolphins,7,Seahawks,30,Seahawks,away,-23,37
795,Dolphins,3,Seahawks,31,Seahawks,away,-28,34
796,Dolphins,13,Seahawks,48,Seahawks,away,-35,61
797,Dolphins,20,Seahawks,17,Dolphins,home,3,37
798,Dolphins,37,Seahawks,6,Dolphins,home,31,43
799,Dolphins,17,Seahawks,41,Seahawks,away,-24,58
800,Dolphins,13,Seahawks,20,Seahawks,away,-7,33
801,Buccaneers,31,Chargers,17,Buccaneers,home,14,48
802,Buccaneers,38,Chargers,20,Buccaneers,home,18,58
803,Buccaneers,20,Chargers,16,Buccaneers,home,4,36
804,Buccaneers,14,Chargers,24,Chargers,away,-10,38
805,Buccaneers,21,Chargers,26,Chargers,away,-5,47
806,Buccaneers,23,Chargers,14,Buccaneers,home,9,37
807,Buccaneers,19,Chargers,31,Chargers,away,-12,50
808,Buccaneers,27,Chargers,23,Buccaneers,home,4,50
809,Buccaneers,6,Chargers,10,Chargers,away,-4,16
810,Buccaneers,6,Chargers,23,Chargers,away,-17,29
811,Buccaneers,22,Chargers,24,Chargers,away,-2,46
812,Buccaneers,10,Chargers,38,Chargers,away,-28,48
813,Buccaneers,10,Chargers,31,Chargers,away,-21,41
814,Buccaneers,14,Chargers,10,Buccaneers,home,4,24
815,Buccaneers,24,Chargers,9,Buccaneers,home,15,33
816,Buccaneers,27,Chargers,17,Buccaneers,home,10,44
817,Buccaneers,10,Chargers,12,Chargers,away,-2,22
818,Buccaneers,13,Chargers,30,Chargers,away,-17,43
819,Buccaneers,3,Chargers,34,Chargers,away,-31,37
820,Buccaneers,17,Chargers,24,Chargers,away,-7,41
821,Buccaneers,16,Chargers,30,Chargers,away,-14,46
822,Buccaneers,27,Chargers,6,Buccaneers,home,21,33
823,Buccaneers,20,Chargers,24,Chargers,away,-4,44
824,Buccaneers,21,Chargers,51,Chargers,away,-30,72
825,Buccaneers,27,Chargers,34,Chargers,away,-7,61
826,Buccaneers,7,Chargers,31,Chargers,away,-24,38
827,Buccaneers,17,Chargers,16,Buccaneers,home,1,33
828,Buccaneers,3,Chargers,27,Chargers,away,-24,30
829,Buccaneers,3,Chargers,23,Chargers,away,-20,26
830,Buccaneers,22,Chargers,31,Chargers,away,-9,53
831,Buccaneers,16,Chargers,38,Chargers,away,-22,54
832,Buccaneers,37,Chargers,33,Buccaneers,home,4,70
833,Buccaneers,17,Chargers,26,Chargers,away,-9,43
834,Buccaneers,10,Chargers,44,Chargers,away,-34,54
835,Buccaneers,24,Chargers,27,Chargers,away,-3,51
836,Buccaneers,31,Chargers,21,Buccaneers,home,10,52
837,Buccaneers,37,Chargers,13,Buccaneers,home,24,50
838,Buccaneers,24,Chargers,23,Buccaneers,home,1,47
839,Buccaneers,10,Chargers,20,Chargers,away,-10,30
840,Buccaneers,21,Chargers,43,Chargers,away,-22,64
841,Buccaneers,10,Chargers,48,Chargers,away,-38,58
842,Buccaneers,7,Chargers,28,Chargers,away,-21,35
843,Buccaneers,24,Chargers,23,Buccaneers,home,1,47
844,Buccaneers,38,Chargers,16,Buccaneers,home,22,54
845,Buccaneers,10,Chargers,26,Chargers,away,-16,36
846,Buccaneers,13,Chargers,31,Chargers,away,-18,44
847,Buccaneers,33,Chargers,30,Buccaneers,home,3,63
848,Buccaneers,6,Chargers,27,Chargers,away,-21,33
849,Buccaneers,20,Chargers,45,Chargers,away,-25,65
850,Buccaneers,17,Chargers,14,Buccaneers,home,3,31
851,Buccaneers,20,Chargers,12,Buccaneers,home,8,32
852,Buccaneers,23,Chargers,10,Buccaneers,home,13,33
853,Buccaneers,14,Chargers,33,Chargers,away,-19,47
854,Buccaneers,27,Chargers,30,Chargers,away,-3,57
855,Buccaneers,16,Chargers,24,Chargers,away,-8,40
856,Buccaneers,10,Chargers,24,Chargers,away,-14,34
857,Buccaneers,10,Chargers,16,Chargers,away,-6,26
858,Buccaneers,22,Chargers,3,Buccaneers,home,19,25
859,Buccaneers,24,Chargers,30,Chargers,away,-6,54
860,Buccaneers,17,Chargers,13,Buccaneers,home,4,30
861,Buccaneers,10,Chargers,27,Chargers,away,-17,37
862,Buccaneers,24,Chargers,28,Chargers,away,-4,52
863,Buccaneers,26,Chargers,24,Buccaneers,home,2,50
864,Buccaneers,13,Chargers,19,Chargers,away,-6,32
865,Buccaneers,3,Chargers,37,Chargers,away,-34,40
866,Buccaneers,0,Chargers,31,Chargers,away,-31,31
867,Buccaneers,7,Chargers,10,Chargers,away,-3,17
868,Buccaneers,3,Chargers,38,Chargers,away,-35,41
869,Buccaneers,27,Chargers,33,Chargers,away,-6,60
870,Buccaneers,16,Chargers,34,Chargers,away,-18,50
871,Buccaneers,30,Chargers,28,Buccaneers,home,2,58
872,Buccaneers,16,Chargers,14,Buccaneers,home,2,30
873,Buccaneers,17,Chargers,33,Chargers,away,-16,50
874,Buccaneers,27,Chargers,10,Buccaneers,home,17,37
875,Buccaneers,17,Chargers,23,Chargers,away,-6,40
876,Buccaneers,24,Chargers,16,Buccaneers,home,8,40
877,Buccaneers,31,Chargers,17,Buccaneers,home,14,48
878,Buccaneers,24,Chargers,19,Buccaneers,home,5,43
879,Buccaneers,20,Chargers,16,Buccaneers,home,4,36
880,Buccaneers,21,Chargers,23,Chargers,away,-2,44
881,Buccaneers,13,Chargers,20,Chargers,away,-7,33
882,Buccaneers,50,Chargers,31,Buccaneers,home,19,81
883,Buccaneers,31,Chargers,30,Buccaneers,home,1,61
884,Buccaneers,14,Chargers,31,Chargers,away,-17,45
885,Buccaneers,14,Chargers,13,Buccaneers,home,1,27
886,Buccaneers,13,Chargers,34,Chargers,away,-21,47
887,Buccaneers,31,Chargers,33,Chargers,away,-2,64
888,Buccaneers,13,Chargers,29,Chargers,away,-16,42
889,Buccaneers,19,Chargers,13,Buccaneers,home,6,32
890,Buccaneers,6,Chargers,13,Chargers,away,-7,19
891,Buccaneers,7,Chargers,16,Chargers,away,-9,23
892,Buccaneers,3,Chargers,27,Chargers,away,-24,30
893,Buccaneers,17,Chargers,27,Chargers,away,-10,44
894,Buccaneers,35,Chargers,38,Chargers,away,-3,73
895,Buccaneers,16,Chargers,13,Buccaneers,home,3,29
896,Buccaneers,10,Chargers,27,Chargers,away,-17,37
897,Buccaneers,20,Chargers,27,Chargers,away,-7,47
898,Buccaneers,17,Chargers,23,Chargers,away,-6,40
899,Buccaneers,10,Chargers,23,Chargers,away,-13,33
900,Buccaneers,7,Chargers,30,Chargers,away,-23,37
901,Titans,14,Steelers,34,Steelers,away,-20,48
902,Titans,17,Steelers,13,Titans,home,4,30
903,Titans,6,Steelers,31,Steelers,away,-25,37
904,Titans,13,Steelers,17,Steelers,away,-4,30
905,Titans,13,Steelers,55,Steelers,away,-42,68
906,Titans,21,Steelers,34,Steelers,away,-13,55
907,Titans,10,Steelers,24,Steelers,away,-14,34
908,Titans,13,Steelers,38,Steelers,away,-25,51
909,Titans,3,Steelers,50,Steelers,away,-47,53
910,Titans,24,Steelers,16,Titans,home,8,40
911,Titans,13,Steelers,41,Steelers,away,-28,54
912,Titans,13,Steelers,38,Steelers,away,-25,51
913,Titans,20,Steelers,13,Titans,home,7,33
914,Titans,7,Steelers,23,Steelers,away,-16,30
915,Titans,21,Steelers,23,Steelers,away,-2,44
916,Titans,17,Steelers,37,Steelers,away,-20,54
917,Titans,41,Steelers,22,Titans,home,19,63
918,Titans,7,Steelers,16,Steelers,away,-9,23
919,Titans,0,Steelers,35,Steelers,away,-35,35
920,Titans,13,Steelers,3,Titans,home,10,16
921,Titans,17,Steelers,24,Steelers,away,-7,41
922,Titans,3,Steelers,26,Steelers,away,-23,29
923,Titans,10,Steelers,48,Steelers,away,-38,58
924,Titans,7,Steelers,30,Steelers,away,-23,37
925,Titans,16,Steelers,26,Steelers,away,-10,42
926,Titans,10,Steelers,30,Steelers,away,-20,40
927,Titans,6,Steelers,44,Steelers,away,-38,50
928,Titans,3,Steelers,52,Steelers,away,-49,55
929,Titans,21,Steelers,19,Titans,home,2,40
930,Titans,14,Steelers,45,Steelers,away,-31,59
931,Titans,16,Steelers,31,Steelers,away,-15,47
932,Titans,6,Steelers,34,Steelers,away,-28,40
933,Titans,0,Steelers,22,Steelers,away,-22,22
934,Titans,23,Steelers,41,Steelers,away,-18,64
935,Titans,16,Steelers,34,Steelers,away,-18,50
936,Titans,0,Steelers,37,Steelers,away,-37,37
937,Titans,17,Steelers,34,Steelers,away,-17,51
938,Titans,14,Steelers,50,Steelers,away,-36,64
939,Titans,6,Steelers,52,Steelers,away,-46,58
940,Titans,3,Steelers,27,Steelers,away,-24,30
941,Titans,28,Steelers,15,Titans,home,13,43
942,Titans,13,Steelers,22,Steelers,away,-9,35
943,Titans,13,Steelers,17,Steelers,away,-4,30
944,Titans,20,Steelers,32,Steelers,away,-12,52
945,Titans,17,Steelers,31,Steelers,away,-14,48
946,Titans,21,Steelers,17,Titans,home,4,38
947,Titans,17,Steelers,19,Steelers,away,-2,36
948,Titans,24,Steelers,36,Steelers,away,-12,60
949,Titans,13,Steelers,19,Steelers,away,-6,32
950,Titans,28,Steelers,40,Steelers,away,-12,68
951,Titans,12,Steelers,44,Steelers,away,-32,56
952,Titans,17,Steelers,37,Steelers,away,-20,54
953,Titans,34,Steelers,27,Titans,home,7,61
954,Titans,6,Steelers,34,Steelers,away,-28,40
955,Titans,13,Steelers,23,Steelers,away,-10,36
956,Titans,29,Steelers,33,Steelers,away,-4,62
957,Titans,28,Steelers,10,Titans,home,18,38
958,Titans,17,Steelers,20,Steelers,away,-3,37
959,Titans,17,Steelers,31,Steelers,away,-14,48
960,Titans,12,Steelers,6,Titans,home,6,18
961,Titans,17,Steelers,29,Steelers,away,-12,46
962,Titans,30,Steelers,37,Steelers,away,-7,67
963,Titans,10,Steelers,30,Steelers,away,-20,40
964,Titans,9,Steelers,34,Steelers,away,-25,43
965,Titans,10,Steelers,17,Steelers,away,-7,27
966,Titans,17,Steelers,24,Steelers,away,-7,41
967,Titans,13,Steelers,22,Steelers,away,-9,35
968,Titans,13,Steelers,27,Steelers,away,-14,40
969,Titans,14,Steelers,27,Steelers,away,-13,41
970,Titans,13,Steelers,26,Steelers,away,-13,39
971,Titans,19,Steelers,14,Titans,home,5,33
972,Titans,17,Steelers,37,Steelers,away,-20,54
973,Titans,20,Steelers,17,Titans,home,3,37
974,Titans,10,Steelers,28,Steelers,away,-18,38
975,Titans,10,Steelers,27,Steelers,away,-17,37
976,Titans,16,Steelers,34,Steelers,away,-18,50
977,Titans,14,Steelers,26,Steelers,away,-12,40
978,Titans,10,Steelers,30,Steelers,away,-20,40
979,Titans,16,Steelers,34,Steelers,away,-18,50
980,Titans,20,Steelers,12,Titans,home,8,32
981,Titans,0,Steelers,30,Steelers,away,-30,30
982,Titans,34,Steelers,3,Titans,home,31,37
983,Titans,7,Steelers,35,Steelers,away,-28,42
984,Titans,7,Steelers,31,Steelers,away,-24,38
985,Titans,7,Steelers,27,Steelers,away,-20,34
986,Titans,17,Steelers,27,Steelers,away,-10,44
987,Titans,38,Steelers,20,Titans,home,18,58
988,Titans,9,Steelers,21,Steelers,away,-12,30
989,Titans,27,Steelers,28,Steelers,away,-1,55
990,Titans,17,Steelers,49,Steelers,away,-32,66
991,Titans,21,Steelers,23,Steelers,away,-2,44
992,Titans,7,Steelers,38,Steelers,away,-31,45
993,Titans,20,Steelers,10,Titans,home,10,30
994,Titans,17,Steelers,20,Steelers,away,-3,37
995,Titans,0,Steelers,45,Steelers,away,-45,45
996,Titans,13,Steelers,27,Steelers,away,-14,40
997,Titans,3,Steelers,24,Steelers,away,-21,27
998,Titans,10,Steelers,31,Steelers,away,-21,41
999,Titans,14,Steelers,34,Steelers,away,-20,48
1000,Titans,28,Steelers,33,Steelers,away,-5,61
1001,Redskins,12,Ravens,23,Ravens,away,-11,35
1002,Redskins,17,Ravens,19,Ravens,away,-2,36
1003,Redskins,3,Ravens,20,Ravens,away,-17,23
1004,Redskins,6,Ravens,30,Ravens,away,-24,36
1005,Redskins,10,Ravens,48,Ravens,away,-38,58
1006,Redskins,24,Ravens,20,Redskins,home,4,44
1007,Redskins,27,Ravens,31,Ravens,away,-4,58
1008,Redskins,10,Ravens,20,Ravens,away,-10,30
1009,Redskins,10,Ravens,37,Ravens,away,-27,47
1010,Redskins,24,Ravens,10,Redskins,home,14,34
1011,Redskins,9,Ravens,38,Ravens,away,-29,47
1012,Redskins,10,Ravens,31,Ravens,away,-21,41
1013,Redskins,17,Ravens,49,Ravens,away,-32,66
1014,Redskins,9,Ravens,31,Ravens,away,-22,40
1015,Redskins,3,Ravens,27,Ravens,away,-24,30
1016,Redskins,17,Ravens,24,Ravens,away,-7,41
1017,Redskins,21,Ravens,23,Ravens,away,-2,44
1018,Redskins,17,Ravens,6,Redskins,home,11,23
1019,Redskins,0,Ravens,23,Ravens,away,-23,23
1020,Redskins,17,Ravens,27,Ravens,away,-10,44
1021,Redskins,7,Ravens,19,Ravens,away,-12,26
1022,Redskins,17,Ravens,30,Ravens,away,-13,47
1023,Redskins,10,Ravens,27,Ravens,away,-17,37
1024,Redskins,17,Ravens,27,Ravens,away,-10,44
1025,Redskins,10,Ravens,38,Ravens,away,-28,48
1026,Redskins,20,Ravens,7,Redskins,home,13,27
1027,Redskins,0,Ravens,42,Ravens,away,-42,42
1028,Redskins,7,Ravens,20,Ravens,away,-13,27
1029,Redskins,3,Ravens,17,Ravens,away,-14,20
1030,Redskins,20,Ravens,19,Redskins,home,1,39
1031,Redskins,16,Ravens,21,Ravens,away,-5,37
1032,Redskins,14,Ravens,27,Ravens,away,-13,41
1033,Redskins,19,Ravens,20,Ravens,away,-1,39
1034,Redskins,24,Ravens,27,Ravens,away,-3,51
1035,Redskins,21,Ravens,20,Redskins,home,1,41
1036,Redskins,17,Ravens,23,Ravens,away,-6,40
1037,Redskins,16,Ravens,30,Ravens,away,-14,46
1038,Redskins,38,Ravens,26,Redskins,home,12,64
1039,Redskins,20,Ravens,26,Ravens,away,-6,46
1040,Redskins,14,Ravens,33,Ravens,away,-19,47
1041,Redskins,10,Ravens,21,Ravens,away,-11,31
1042,Redskins,6,Ravens,45,Ravens,away,-39,51
1043,Redskins,3,Ravens,16,Ravens,away,-13,19
1044,Redskins,20,Ravens,24,Ravens,away,-4,44
1045,Redskins,13,Ravens,17,Ravens,away,-4,30
1046,Redskins,10,Ravens,24,Ravens,away,-14,34
1047,Redskins,6,Ravens,13,Ravens,away,-7,19
1048,Redskins,10,Ravens,31,Ravens,away,-21,41
1049,Redskins,0,Ravens,27,Ravens,away,-27,27
1050,Redskins,9,Ravens,20,Ravens,away,-11,29
1051,Redskins,17,Ravens,33,Ravens,away,-16,50
1052,Redskins,7,Ravens,37,Ravens,away,-30,44
1053,Redskins,7,Ravens,30,Ravens,away,-23,37
1054,Redskins,6,Ravens,41,Ravens,away,-35,47
1055,Redskins,13,Ravens,24,Ravens,away,-11,37
1056,Redskins,28,Ravens,23,Redskins,home,5,51
1057,Redskins,3,Ravens,24,Ravens,away,-21,27
1058,Redskins,21,Ravens,41,Ravens,away,-20,62
1059,Redskins,23,Ravens,28,Ravens,away,-5,51
1060,Redskins,17,Ravens,35,Ravens,away,-18,52
1061,Redskins,7,Ravens,31,Ravens,away,-24,38
1062,Redskins,27,Ravens,31,Ravens,away,-4,58
1063,Redskins,0,Ravens,24,Ravens,away,-24,24
1064,Redskins,20,Ravens,26,Ravens,away,-6,46
1065,Redskins,20,Ravens,24,Ravens,away,-4,44
1066,Redskins,6,Ravens,41,Ravens,away,-35,47
1067,Redskins,27,Ravens,20,Redskins,home,7,47
1068,Redskins,14,Ravens,27,Ravens,away,-13,41
1069,Redskins,6,Ravens,19,Ravens,away,-13,25
1070,Redskins,27,Ravens,17,Redskins,home,10,44
1071,Redskins,10,Ravens,33,Ravens,away,-23,43
1072,Redskins,14,Ravens,24,Ravens,away,-10,38
1073,Redskins,13,Ravens,21,Ravens,away,-8,34
1074,Redskins,14,Ravens,28,Ravens,away,-14,42
1075,Redskins,0,Ravens,48,Ravens,away,-48,48
1076,Redskins,10,Ravens,27,Ravens,away,-17,37
1077,Redskins,13,Ravens,17,Ravens,away,-4,30
1078,Redskins,13,Ravens,30,Ravens,away,-17,43
1079,Redskins,13,Ravens,24,Ravens,away,-11,37
1080,Redskins,3,Ravens,24,Ravens,away,-21,27
1081,Redskins,7,Ravens,45,Ravens,away,-38,52
1082,Redskins,0,Ravens,33,Ravens,away,-33,33
1083,Redskins,14,Ravens,28,Ravens,away,-14,42
1084,Redskins,10,Ravens,37,Ravens,away,-27,47
1085,Redskins,9,Ravens,16,Ravens,away,-7,25
1086,Redskins,20,Ravens,17,Redskins,home,3,37
1087,Redskins,24,Ravens,16,Redskins,home,8,40
1088,Redskins,7,Ravens,26,Ravens,away,-19,33
1089,Redskins,7,Ravens,30,Ravens,away,-23,37
1090,Redskins,6,Ravens,23,Ravens,away,-17,29
1091,Redskins,3,Ravens,33,Ravens,away,-30,36
1092,Redskins,14,Ravens,24,Ravens,away,-10,38
1093,Redskins,44,Ravens,35,Redskins,home,9,79
1094,Redskins,14,Ravens,27,Ravens,away,-13,41
1095,Redskins,23,Ravens,27,Ravens,away,-4,50
1096,Redskins,20,Ravens,31,Ravens,away,-11,51
1097,Redskins,10,Ravens,30,Ravens,away,-20,40
1098,Redskins,3,Ravens,41,Ravens,away,-38,44
1099,Redskins,28,Ravens,20,Redskins,home,8,48
1100,Redskins,28,Ravens,19,Redskins,home,9,47
1101,Rams,49,Giants,14,Rams,home,35,63
1102,Rams,38,Giants,14,Rams,home,24,52
1103,Rams,47,Giants,3,Rams,home,44,50
1104,Rams,41,Giants,35,Rams,home,6,76
1105,Rams,35,Giants,3,Rams,home,32,38
1106,Rams,23,Giants,10,Rams,home,13,33
1107,Rams,3,Giants,17,Giants,away,-14,20
1108,Rams,45,Giants,10,Rams,home,35,55
1109,Rams,28,Giants,14,Rams,home,14,42
1110,Rams,20,Giants,14,Rams,home,6,34
1111,Rams,24,Giants,7,Rams,home,17,31
1112,Rams,28,Giants,14,Rams,home,14,42
1113,Rams,27,Giants,24,Rams,home,3,51
1114,Rams,34,Giants,10,Rams,home,24,44
1115,Rams,28,Giants,24,Rams,home,4,52
1116,Rams,10,Giants,31,Giants,away,-21,41
1117,Rams,34,Giants,0,Rams,home,34,34
1118,Rams,24,Giants,14,Rams,home,10,38
1119,Rams,17,Giants,3,Rams,home,14,20
1120,Rams,29,Giants,24,Rams,home,5,53
1121,Rams,38,Giants,10,Rams,home,28,48
1122,Rams,34,Giants,10,Rams,home,24,44
1123,Rams,34,Giants,17,Rams,home,17,51
1124,Rams,31,Giants,0,Rams,home,31,31
1125,Rams,20,Giants,28,Giants,away,-8,48
1126,Rams,17,Giants,10,Rams,home,7,27
1127,Rams,55,Giants,6,Rams,home,49,61
1128,Rams,27,Giants,3,Rams,home,24,30
1129,Rams,26,Giants,19,Rams,home,7,45
1130,Rams,20,Giants,30,Giants,away,-10,50
1131,Rams,31,Giants,27,Rams,home,4,58
1132,Rams,33,Giants,14,Rams,home,19,47
1133,Rams,47,Giants,10,Rams,home,37,57
1134,Rams,28,Giants,14,Rams,home,14,42
1135,Rams,42,Giants,17,Rams,home,25,59
1136,Rams,14,Giants,13,Rams,home,1,27
1137,Rams,24,Giants,27,Giants,away,-3,51
1138,Rams,38,Giants,20,Rams,home,18,58
1139,Rams,21,Giants,24,Giants,away,-3,45
1140,Rams,30,Giants,17,Rams,home,13,47
1141,Rams,20,Giants,24,Giants,away,-4,44
1142,Rams,45,Giants,7,Rams,home,38,52
1143,Rams,31,Giants,45,Giants,away,-14,76
1144,Rams,23,Giants,3,Rams,home,20,26
1145,Rams,20,Giants,7,Rams,home,13,27
1146,Rams,20,Giants,6,Rams,home,14,26
1147,Rams,40,Giants,20,Rams,home,20,60
1148,Rams,34,Giants,13,Rams,home,21,47
1149,Rams,21,Giants,10,Rams,home,11,31
1150,Rams,10,Giants,19,Giants,away,-9,29
1151,Rams,14,Giants,13,Rams,home,1,27
1152,Rams,27,Giants,3,Rams,home,24,30
1153,Rams,30,Giants,21,Rams,home,9,51
1154,Rams,27,Giants,6,Rams,home,21,33
1155,Rams,10,Giants,16,Giants,away,-6,26
1156,Rams,31,Giants,13,Rams,home,18,44
1157,Rams,31,Giants,24,Rams,home,7,55
1158,Rams,27,Giants,13,Rams,home,14,40
1159,Rams,27,Giants,15,Rams,home,12,42
1160,Rams,10,Giants,17,Giants,away,-7,27
1161,Rams,34,Giants,13,Rams,home,21,47
1162,Rams,21,Giants,20,Rams,home,1,41
1163,Rams,24,Giants,27,Giants,away,-3,51
1164,Rams,24,Giants,17,Rams,home,7,41
1165,Rams,33,Giants,17,Rams,home,16,50
1166,Rams,17,Giants,31,Giants,away,-14,48
1167,Rams,38,Giants,17,Rams,home,21,55
1168,Rams,21,Giants,24,Giants,away,-3,45
1169,Rams,14,Giants,28,Giants,away,-14,42
1170,Rams,42,Giants,3,Rams,home,39,45
1171,Rams,14,Giants,31,Giants,away,-17,45
1172,Rams,21,Giants,13,Rams,home,8,34
1173,Rams,23,Giants,21,Rams,home,2,44
1174,Rams,44,Giants,7,Rams,home,37,51
1175,Rams,24,Giants,14,Rams,home,10,38
1176,Rams,27,Giants,10,Rams,home,17,37
1177,Rams,34,Giants,10,Rams,home,24,44
1178,Rams,35,Giants,21,Rams,home,14,56
1179,Rams,42,Giants,13,Rams,home,29,55
1180,Rams,17,Giants,24,Giants,away,-7,41
1181,Rams,47,Giants,17,Rams,home,30,64
1182,Rams,37,Giants,17,Rams,home,20,54
1183,Rams,27,Giants,26,Rams,home,1,53
1184,Rams,17,Giants,31,Giants,away,-14,48
1185,Rams,24,Giants,31,Giants,away,-7,55
1186,Rams,20,Giants,10,Rams,home,10,30
1187,Rams,13,Giants,31,Giants,away,-18,44
1188,Rams,27,Giants,14,Rams,home,13,41
1189,Rams,7,Giants,30,Giants,away,-23,37
1190,Rams,23,Giants,3,Rams,home,20,26
1191,Rams,31,Giants,7,Rams,home,24,38
1192,Rams,13,Giants,17,Giants,away,-4,30
1193,Rams,38,Giants,13,Rams,home,25,51
1194,Rams,38,Giants,31,Rams,home,7,69
1195,Rams,31,Giants,3,Rams,home,28,34
1196,Rams,24,Giants,23,Rams,home,1,47
1197,Rams,21,Giants,17,Rams,home,4,38
1198,Rams,37,Giants,10,Rams,home,27,47
1199,Rams,31,Giants,27,Rams,home,4,58
1200,Rams,27,Giants,24,Rams,home,3,51
1201,Chiefs,49,Patriots,35,Chiefs,home,14,84
1202,Chiefs,21,Patriots,38,Patriots,away,-17,59
1203,Chiefs,23,Patriots,31,Patriots,away,-8,54
1204,Chiefs,34,Patriots,17,Chiefs,home,17,51
1205,Chiefs,38,Patriots,13,Chiefs,home,25,51
1206,Chiefs,45,Patriots,27,Chiefs,home,18,72
1207,Chiefs,33,Patriots,28,Chiefs,home,5,61
1208,Chiefs,17,Patriots,20,Patriots,away,-3,37
1209,Chiefs,35,Patriots,17,Chiefs,home,18,52
1210,Chiefs,28,Patriots,24,Chiefs,home,4,52
1211,Chiefs,34,Patriots,40,Patriots,away,-6,74
1212,Chiefs,23,Patriots,6,Chiefs,home,17,29
1213,Chiefs,28,Patriots,38,Patriots,away,-10,66
1214,Chiefs,7,Patriots,42,Patriots,away,-35,49
1215,Chiefs,27,Patriots,10,Chiefs,home,17,37
1216,Chiefs,13,Patriots,10,Chiefs,home,3,23
1217,Chiefs,37,Patriots,16,Chiefs,home,21,53
1218,Chiefs,30,Patriots,24,Chiefs,home,6,54
1219,Chiefs,26,Patriots,3,Chiefs,home,23,29
1220,Chiefs,30,Patriots,28,Chiefs,home,2,58
1221,Chiefs,27,Patriots,6,Chiefs,home,21,33
1222,Chiefs,51,Patriots,17,Chiefs,home,34,68
1223,Chiefs,31,Patriots,38,Patriots,away,-7,69
1224,Chiefs,41,Patriots,34,Chiefs,home,7,75
1225,Chiefs,27,Patriots,3,Chiefs,home,24,30
1226,Chiefs,14,Patriots,6,Chiefs,home,8,20
1227,Chiefs,27,Patriots,20,Chiefs,home,7,47
1228,Chiefs,38,Patriots,23,Chiefs,home,15,61
1229,Chiefs,41,Patriots,31,Chiefs,home,10,72
1230,Chiefs,31,Patriots,24,Chiefs,home,7,55
1231,Chiefs,17,Patriots,56,Patriots,away,-39,73
1232,Chiefs,23,Patriots,31,Patriots,away,-8,54
1233,Chiefs,23,Patriots,10,Chiefs,home,13,33
1234,Chiefs,35,Patriots,38,Patriots,away,-3,73
1235,Chiefs,24,Patriots,42,Patriots,away,-18,66
1236,Chiefs,23,Patriots,24,Patriots,away,-1,47
1237,Chiefs,41,Patriots,10,Chiefs,home,31,51
1238,Chiefs,24,Patriots,23,Chiefs,home,1,47
1239,Chiefs,41,Patriots,16,Chiefs,home,25,57
1240,Chiefs,7,Patriots,27,Patriots,away,-20,34
1241,Chiefs,17,Patriots,5,Chiefs,home,12,22
1242,Chiefs,29,Patriots,23,Chiefs,home,6,52
1243,Chiefs,21,Patriots,27,Patriots,away,-6,48
1244,Chiefs,34,Patriots,24,Chiefs,home,10,58
1245,Chiefs,31,Patriots,24,Chiefs,home,7,55
1246,Chiefs,17,Patriots,23,Patriots,away,-6,40
1247,Chiefs,24,Patriots,17,Chiefs,home,7,41
1248,Chiefs,17,Patriots,28,Patriots,away,-11,45
1249,Chiefs,10,Patriots,20,Patriots,away,-10,30
1250,Chiefs,41,Patriots,19,Chiefs,home,22,60
1251,Chiefs,20,Patriots,33,Patriots,away,-13,53
1252,Chiefs,30,Patriots,13,Chiefs,home,17,43
1253,Chiefs,24,Patriots,27,Patriots,away,-3,51
1254,Chiefs,26,Patriots,35,Patriots,away,-9,61
1255,Chiefs,23,Patriots,37,Patriots,away,-14,60
1256,Chiefs,37,Patriots,31,Chiefs,home,6,68
1257,Chiefs,17,Patriots,30,Patriots,away,-13,47
1258,Chiefs,38,Patriots,31,Chiefs,home,7,69
1259,Chiefs,23,Patriots,16,Chiefs,home,7,39
1260,Chiefs,22,Patriots,24,Patriots,away,-2,46
1261,Chiefs,20,Patriots,17,Chiefs,home,3,37
1262,Chiefs,28,Patriots,21,Chiefs,home,7,49
1263,Chiefs,20,Patriots,26,Patriots,away,-6,46
1264,Chiefs,16,Patriots,27,Patriots,away,-11,43
1265,Chiefs,28,Patriots,19,Chiefs,home,9,47
1266,Chiefs,7,Patriots,17,Patriots,away,-10,24
1267,Chiefs,20,Patriots,52,Patriots,away,-32,72
1268,Chiefs,24,Patriots,2,Chiefs,home,22,26
1269,Chiefs,38,Patriots,14,Chiefs,home,24,52
1270,Chiefs,27,Patriots,41,Patriots,away,-14,68
1271,Chiefs,27,Patriots,21,Chiefs,home,6,48
1272,Chiefs,20,Patriots,16,Chiefs,home,4,36
1273,Chiefs,17,Patriots,16,Chiefs,home,1,33
1274,Chiefs,41,Patriots,17,Chiefs,home,24,58
1275,Chiefs,27,Patriots,17,Chiefs,home,10,44
1276,Chiefs,27,Patriots,13,Chiefs,home,14,40
1277,Chiefs,20,Patriots,7,Chiefs,home,13,27
1278,Chiefs,16,Patriots,27,Patriots,away,-11,43
1279,Chiefs,24,Patriots,27,Patriots,away,-3,51
1280,Chiefs,10,Patriots,21,Patriots,away,-11,31
1281,Chiefs,24,Patriots,26,Patriots,away,-2,50
1282,Chiefs,17,Patriots,48,Patriots,away,-31,65
1283,Chiefs,37,Patriots,7,Chiefs,home,30,44
1284,Chiefs,34,Patriots,14,Chiefs,home,20,48
1285,Chiefs,24,Patriots,19,Chiefs,home,5,43
1286,Chiefs,34,Patriots,38,Patriots,away,-4,72
1287,Chiefs,37,Patriots,21,Chiefs,home,16,58
1288,Chiefs,27,Patriots,10,Chiefs,home,17,37
1289,Chiefs,34,Patriots,48,Patriots,away,-14,82
1290,Chiefs,56,Patriots,52,Chiefs,home,4,108
1291,Chiefs,14,Patriots,17,Patriots,away,-3,31
1292,Chiefs,13,Patriots,23,Patriots,away,-10,36
1293,Chiefs,21,Patriots,17,Chiefs,home,4,38
1294,Chiefs,29,Patriots,10,Chiefs,home,19,39
1295,Chiefs,44,Patriots,6,Chiefs,home,38,50
1296,Chiefs,21,Patriots,23,Patriots,away,-2,44
1297,Chiefs,17,Patriots,31,Patriots,away,-14,48
1298,Chiefs,20,Patriots,0,Chiefs,home,20,20
1299,Chiefs,38,Patriots,31,Chiefs,home,7,69
1300,Chiefs,34,Patriots,38,Patriots,away,-4,72
1301,Raiders,20,Bills,35,Bills,away,-15,55
1302,Raiders,45,Bills,21,Raiders,home,24,66
1303,Raiders,3,Bills,17,Bills,away,-14,20
1304,Raiders,28,Bills,41,Bills,away,-13,69
1305,Raiders,29,Bills,31,Bills,away,-2,60
1306,Raiders,37,Bills,20,Raiders,home,17,57
1307,Raiders,23,Bills,30,Bills,away,-7,53
1308,Raiders,24,Bills,28,Bills,away,-4,52
1309,Raiders,17,Bills,35,Bills,away,-18,52
1310,Raiders,17,Bills,21,Bills,away,-4,38
1311,Raiders,51,Bills,17,Raiders,home,34,68
1312,Raiders,20,Bills,13,Raiders,home,7,33
1313,Raiders,16,Bills,42,Bills,away,-26,58
1314,Raiders,20,Bills,33,Bills,away,-13,53
1315,Raiders,17,Bills,31,Bills,away,-14,48
1316,Raiders,20,Bills,34,Bills,away,-14,54
1317,Raiders,7,Bills,23,Bills,away,-16,30
1318,Raiders,21,Bills,31,Bills,away,-10,52
1319,Raiders,14,Bills,42,Bills,away,-28,56
1320,Raiders,37,Bills,21,Raiders,home,16,58
1321,Raiders,21,Bills,24,Bills,away,-3,45
1322,Raiders,14,Bills,24,Bills,away,-10,38
1323,Raiders,33,Bills,17,Raiders,home,16,50
1324,Raiders,13,Bills,40,Bills,away,-27,53
1325,Raiders,41,Bills,26,Raiders,home,15,67
1326,Raiders,10,Bills,65,Bills,away,-55,75
1327,Raiders,13,Bills,16,Bills,away,-3,29
1328,Raiders,31,Bills,24,Raiders,home,7,55
1329,Raiders,20,Bills,31,Bills,away,-11,51
1330,Raiders,24,Bills,23,Raiders,home,1,47
1331,Raiders,17,Bills,24,Bills,away,-7,41
1332,Raiders,27,Bills,35,Bills,away,-8,62
1333,Raiders,3,Bills,45,Bills,away,-42,48
1334,Raiders,17,Bills,38,Bills,away,-21,55
1335,Raiders,42,Bills,24,Raiders,home,18,66
1336,Raiders,31,Bills,16,Raiders,home,15,47
1337,Raiders,34,Bills,38,Bills,away,-4,72
1338,Raiders,28,Bills,0,Raiders,home,28,28
1339,Raiders,23,Bills,27,Bills,away,-4,50
1340,Raiders,38,Bills,21,Raiders,home,17,59
1341,Raiders,13,Bills,44,Bills,away,-31,57
1342,Raiders,44,Bills,24,Raiders,home,20,68
1343,Raiders,10,Bills,27,Bills,away,-17,37
1344,Raiders,38,Bills,28,Raiders,home,10,66
1345,Raiders,27,Bills,35,Bills,away,-8,62
1346,Raiders,20,Bills,24,Bills,away,-4,44
1347,Raiders,14,Bills,42,Bills,away,-28,56
1348,Raiders,49,Bills,20,Raiders,home,29,69
1349,Raiders,24,Bills,19,Raiders,home,5,43
1350,Raiders,10,Bills,20,Bills,away,-10,30
1351,Raiders,16,Bills,34,Bills,away,-18,50
1352,Raiders,9,Bills,21,Bills,away,-12,30
1353,Raiders,27,Bills,14,Raiders,home,13,41
1354,Raiders,31,Bills,14,Raiders,home,17,45
1355,Raiders,17,Bills,35,Bills,away,-18,52
1356,Raiders,26,Bills,31,Bills,away,-5,57
1357,Raiders,21,Bills,6,Raiders,home,15,27
1358,Raiders,28,Bills,35,Bills,away,-7,63
1359,Raiders,20,Bills,31,Bills,away,-11,51
1360,Raiders,26,Bills,17,Raiders,home,9,43
1361,Raiders,21,Bills,45,Bills,away,-24,66
1362,Raiders,19,Bills,34,Bills,away,-15,53
1363,Raiders,24,Bills,48,Bills,away,-24,72
1364,Raiders,27,Bills,24,Raiders,home,3,51
1365,Raiders,34,Bills,10,Raiders,home,24,44
1366,Raiders,27,Bills,30,Bills,away,-3,57
1367,Raiders,24,Bills,41,Bills,away,-17,65
1368,Raiders,33,Bills,16,Raiders,home,17,49
1369,Raiders,25,Bills,30,Bills,away,-5,55
1370,Raiders,34,Bills,31,Raiders,home,3,65
1371,Raiders,20,Bills,21,Bills,away,-1,41
1372,Raiders,14,Bills,24,Bills,away,-10,38
1373,Raiders,26,Bills,28,Bills,away,-2,54
1374,Raiders,21,Bills,17,Raiders,home,4,38
1375,Raiders,27,Bills,31,Bills,away,-4,58
1376,Raiders,23,Bills,27,Bills,away,-4,50
1377,Raiders,19,Bills,24,Bills,away,-5,43
1378,Raiders,27,Bills,6,Raiders,home,21,33
1379,Raiders,20,Bills,22,Bills,away,-2,42
1380,Raiders,31,Bills,13,Raiders,home,18,44
1381,Raiders,20,Bills,31,Bills,away,-11,51
1382,Raiders,38,Bills,52,Bills,away,-14,90
1383,Raiders,30,Bills,24,Raiders,home,6,54
1384,Raiders,16,Bills,17,Bills,away,-1,33
1385,Raiders,23,Bills,21,Raiders,home,2,44
1386,Raiders,29,Bills,31,Bills,away,-2,60
1387,Raiders,19,Bills,35,Bills,away,-16,54
1388,Raiders,14,Bills,17,Bills,away,-3,31
1389,Raiders,14,Bills,20,Bills,away,-6,34
1390,Raiders,30,Bills,20,Raiders,home,10,50
1391,Raiders,14,Bills,24,Bills,away,-10,38
1392,Raiders,30,Bills,35,Bills,away,-5,65
1393,Raiders,13,Bills,28,Bills,away,-15,41
1394,Raiders,24,Bills,27,Bills,away,-3,51
1395,Raiders,31,Bills,19,Raiders,home,12,50
1396,Raiders,42,Bills,24,Raiders,home,18,66
1397,Raiders,27,Bills,21,Raiders,home,6,48
1398,Raiders,30,Bills,34,Bills,away,-4,64
1399,Raiders,20,Bills,17,Raiders,home,3,37
1400,Raiders,6,Bills,31,Bills,away,-25,37
1401,49ers,37,Eagles,7,49ers,home,30,44
1402,49ers,23,Eagles,9,49ers,home,14,32
1403,49ers,41,Eagles,10,49ers,home,31,51
1404,49ers,24,Eagles,13,49ers,home,11,37
1405,49ers,38,Eagles,17,49ers,home,21,55
1406,49ers,13,Eagles,21,Eagles,away,-8,34
1407,49ers,16,Eagles,13,49ers,home,3,29
1408,49ers,55,Eagles,7,49ers,home,48,62
1409,49ers,20,Eagles,17,49ers,home,3,37
1410,49ers,31,Eagles,14,49ers,home,17,45
1411,49ers,9,Eagles,12,Eagles,away,-3,21
1412,49ers,27,Eagles,17,49ers,home,10,44
1413,49ers,27,Eagles,7,49ers,home,20,34
1414,49ers,45,Eagles,20,49ers,home,25,65
1415,49ers,19,Eagles,3,49ers,home,16,22
1416,49ers,38,Eagles,17,49ers,home,21,55
1417,49ers,13,Eagles,24,Eagles,away,-11,37
1418,49ers,31,Eagles,13,49ers,home,18,44
1419,49ers,41,Eagles,13,49ers,home,28,54
1420,49ers,37,Eagles,3,49ers,home,34,40
1421,49ers,40,Eagles,0,49ers,home,40,40
1422,49ers,24,Eagles,13,49ers,home,11,37
1423,49ers,30,Eagles,13,49ers,home,17,43
1424,49ers,24,Eagles,28,Eagles,away,-4,52
1425,49ers,27,Eagles,10,49ers,home,17,37
1426,49ers,35,Eagles,10,49ers,home,25,45
1427,49ers,33,Eagles,13,49ers,home,20,46
1428,49ers,38,Eagles,10,49ers,home,28,48
1429,49ers,29,Eagles,10,49ers,home,19,39
1430,49ers,22,Eagles,3,49ers,home,19,25
1431,49ers,48,Eagles,12,49ers,home,36,60
1432,49ers,27,Eagles,3,49ers,home,24,30
1433,49ers,44,Eagles,3,49ers,home,41,47
1434,49ers,17,Eagles,24,Eagles,away,-7,41
1435,49ers,19,Eagles,10,49ers,home,9,29
1436,49ers,58,Eagles,13,49ers,home,45,71
1437,49ers,33,Eagles,6,49ers,home,27,39
1438,49ers,21,Eagles,42,Eagles,away,-21,63
1439,49ers,16,Eagles,27,Eagles,away,-11,43
1440,49ers,41,Eagles,7,49ers,home,34,48
1441,49ers,20,Eagles,28,Eagles,away,-8,48
1442,49ers,31,Eagles,21,49ers,home,10,52
1443,49ers,31,Eagles,3,49ers,home,28,34
1444,49ers,40,Eagles,3,49ers,home,37,43
1445,49ers,10,Eagles,23,Eagles,away,-13,33
1446,49ers,41,Eagles,27,49ers,home,14,68
1447,49ers,31,Eagles,21,49ers,home,10,52
1448,49ers,23,Eagles,24,Eagles,away,-1,47
1449,49ers,19,Eagles,3,49ers,home,16,22
1450,49ers,20,Eagles,0,49ers,home,20,20
1451,49ers,21,Eagles,20,49ers,home,1,41
1452,49ers,37,Eagles,16,49ers,home,21,53
1453,49ers,20,Eagles,27,Eagles,away,-7,47
1454,49ers,34,Eagles,13,49ers,home,21,47
1455,49ers,16,Eagles,19,Eagles,away,-3,35
1456,49ers,31,Eagles,0,49ers,home,31,31
1457,49ers,20,Eagles,21,Eagles,away,-1,41
1458,49ers,44,Eagles,0,49ers,home,44,44
1459,49ers,34,Eagles,17,49ers,home,17,51
1460,49ers,22,Eagles,7,49ers,home,15,29
1461,49ers,26,Eagles,14,49ers,home,12,40
1462,49ers,35,Eagles,10,49ers,home,25,45
1463,49ers,33,Eagles,9,49ers,home,24,42
1464,49ers,35,Eagles,31,49ers,home,4,66
1465,49ers,38,Eagles,7,49ers,home,31,45
1466,49ers,28,Eagles,24,49ers,home,4,52
1467,49ers,34,Eagles,13,49ers,home,21,47
1468,49ers,20,Eagles,19,49ers,home,1,39
1469,49ers,31,Eagles,13,49ers,home,18,44
1470,49ers,24,Eagles,23,49ers,home,1,47
1471,49ers,36,Eagles,10,49ers,home,26,46
1472,49ers,10,Eagles,34,Eagles,away,-24,44
1473,49ers,17,Eagles,7,49ers,home,10,24
1474,49ers,30,Eagles,20,49ers,home,10,50
1475,49ers,37,Eagles,23,49ers,home,14,60
1476,49ers,20,Eagles,9,49ers,home,11,29
1477,49ers,33,Eagles,20,49ers,home,13,53
1478,49ers,30,Eagles,13,49ers,home,17,43
1479,49ers,20,Eagles,30,Eagles,away,-10,50
1480,49ers,22,Eagles,10,49ers,home,12,32
1481,49ers,33,Eagles,26,49ers,home,7,59
1482,49ers,17,Eagles,10,49ers,home,7,27
1483,49ers,30,Eagles,20,49ers,home,10,50
1484,49ers,26,Eagles,3,49ers,home,23,29
1485,49ers,41,Eagles,20,49ers,home,21,61
1486,49ers,20,Eagles,10,49ers,home,10,30
1487,49ers,27,Eagles,10,49ers,home,17,37
1488,49ers,13,Eagles,3,49ers,home,10,16
1489,49ers,49,Eagles,14,49ers,home,35,63
1490,49ers,21,Eagles,6,49ers,home,15,27
1491,49ers,19,Eagles,3,49ers,home,16,22
1492,49ers,24,Eagles,13,49ers,home,11,37
1493,49ers,19,Eagles,10,49ers,home,9,29
1494,49ers,39,Eagles,7,49ers,home,32,46
1495,49ers,23,Eagles,16,49ers,home,7,39
1496,49ers,30,Eagles,16,49ers,home,14,46
1497,49ers,34,Eagles,17,49ers,home,17,51
1498,49ers,33,Eagles,0,49ers,home,33,33
1499,49ers,20,Eagles,13,49ers,home,7,33
1500,49ers,16,Eagles,7,49ers,home,9,23
1501,Packers,55,Falcons,14,Packers,home,41,69
1502,Packers,34,Falcons,14,Packers,home,20,48
1503,Packers,31,Falcons,21,Packers,home,10,52
1504,Packers,44,Falcons,28,Packers,home,16,72
1505,Packers,20,Falcons,31,Falcons,away,-11,51
1506,Packers,41,Falcons,21,Packers,home,20,62
1507,Packers,51,Falcons,7,Packers,home,44,58
1508,Packers,30,Falcons,17,Packers,home,13,47
1509,Packers,34,Falcons,14,Packers,home,20,48
1510,Packers,41,Falcons,7,Packers,home,34,48
1511,Packers,48,Falcons,7,Packers,home,41,55
1512,Packers,24,Falcons,13,Packers,home,11,37
1513,Packers,21,Falcons,27,Falcons,away,-6,48
1514,Packers,30,Falcons,17,Packers,home,13,47
1515,Packers,38,Falcons,21,Packers,home,17,59
1516,Packers,48,Falcons,45,Packers,home,3,93
1517,Packers,34,Falcons,38,Falcons,away,-4,72
1518,Packers,38,Falcons,42,Falcons,away,-4,80
1519,Packers,31,Falcons,21,Packers,home,10,52
1520,Packers,48,Falcons,21,Packers,home,27,69
1521,Packers,45,Falcons,24,Packers,home,21,69
1522,Packers,51,Falcons,10,Packers,home,41,61
1523,Packers,56,Falcons,24,Packers,home,32,80
1524,Packers,38,Falcons,14,Packers,home,24,52
1525,Packers,16,Falcons,31,Falcons,away,-15,47
1526,Packers,30,Falcons,35,Falcons,away,-5,65
1527,Packers,51,Falcons,24,Packers,home,27,75
1528,Packers,35,Falcons,7,Packers,home,28,42
1529,Packers,38,Falcons,24,Packers,home,14,62
1530,Packers,24,Falcons,17,Packers,home,7,41
1531,Packers,26,Falcons,17,Packers,home,9,43
1532,Packers,47,Falcons,7,Packers,home,40,54
1533,Packers,37,Falcons,42,Falcons,away,-5,79
1534,Packers,27,Falcons,34,Falcons,away,-7,61
1535,Packers,24,Falcons,20,Packers,home,4,44
1536,Packers,52,Falcons,17,Packers,home,35,69
1537,Packers,40,Falcons,20,Packers,home,20,60
1538,Packers,38,Falcons,10,Packers,home,28,48
1539,Packers,51,Falcons,35,Packers,home,16,86
1540,Packers,38,Falcons,24,Packers,home,14,62
1541,Packers,38,Falcons,42,Falcons,away,-4,80
1542,Packers,27,Falcons,31,Falcons,away,-4,58
1543,Packers,47,Falcons,28,Packers,home,19,75
1544,Packers,47,Falcons,14,Packers,home,33,61
1545,Packers,49,Falcons,0,Packers,home,49,49
1546,Packers,52,Falcons,24,Packers,home,28,76
1547,Packers,51,Falcons,14,Packers,home,37,65
1548,Packers,37,Falcons,7,Packers,home,30,44
1549,Packers,61,Falcons,31,Packers,home,30,92
1550,Packers,33,Falcons,0,Packers,home,33,33
1551,Packers,16,Falcons,35,Falcons,away,-19,51
1552,Packers,34,Falcons,56,Falcons,away,-22,90
1553,Packers,40,Falcons,10,Packers,home,30,50
1554,Packers,26,Falcons,31,Falcons,away,-5,57
1555,Packers,50,Falcons,10,Packers,home,40,60
1556,Packers,23,Falcons,21,Packers,home,2,44
1557,Packers,45,Falcons,24,Packers,home,21,69
1558,Packers,13,Falcons,16,Falcons,away,-3,29
1559,Packers,34,Falcons,24,Packers,home,10,58
1560,Packers,27,Falcons,17,Packers,home,10,44
1561,Packers,38,Falcons,7,Packers,home,31,45
1562,Packers,31,Falcons,20,Packers,home,11,51
1563,Packers,34,Falcons,14,Packers,home,20,48
1564,Packers,37,Falcons,14,Packers,home,23,51
1565,Packers,32,Falcons,14,Packers,home,18,46
1566,Packers,51,Falcons,10,Packers,home,41,61
1567,Packers,52,Falcons,14,Packers,home,38,66
1568,Packers,31,Falcons,14,Packers,home,17,45
1569,Packers,34,Falcons,21,Packers,home,13,55
1570,Packers,30,Falcons,21,Packers,home,9,51
1571,Packers,23,Falcons,21,Packers,home,2,44
1572,Packers,37,Falcons,31,Packers,home,6,68
1573,Packers,48,Falcons,28,Packers,home,20,76
1574,Packers,31,Falcons,17,Packers,home,14,48
1575,Packers,41,Falcons,21,Packers,home,20,62
1576,Packers,37,Falcons,35,Packers,home,2,72
1577,Packers,23,Falcons,28,Falcons,away,-5,51
1578,Packers,31,Falcons,24,Packers,home,7,55
1579,Packers,44,Falcons,14,Packers,home,30,58
1580,Packers,47,Falcons,14,Packers,home,33,61
1581,Packers,20,Falcons,24,Falcons,away,-4,44
1582,Packers,31,Falcons,7,Packers,home,24,38
1583,Packers,34,Falcons,31,Packers,home,3,65
1584,Packers,36,Falcons,24,Packers,home,12,60
1585,Packers,55,Falcons,17,Packers,home,38,72
1586,Packers,16,Falcons,10,Packers,home,6,26
1587,Packers,31,Falcons,24,Packers,home,7,55
1588,Packers,34,Falcons,3,Packers,home,31,37
1589,Packers,27,Falcons,52,Falcons,away,-25,79
1590,Packers,23,Falcons,35,Falcons,away,-12,58
1591,Packers,16,Falcons,31,Falcons,away,-15,47
1592,Packers,48,Falcons,56,Falcons,away,-8,104
1593,Packers,27,Falcons,20,Packers,home,7,47
1594,Packers,51,Falcons,21,Packers,home,30,72
1595,Packers,20,Falcons,24,Falcons,away,-4,44
1596,Packers,31,Falcons,30,Packers,home,1,61
1597,Packers,69,Falcons,7,Packers,home,62,76
1598,Packers,45,Falcons,28,Packers,home,17,73
1599,Packers,38,Falcons,10,Packers,home,28,48
1600,Packers,48,Falcons,14,Packers,home,34,62
