{
 "cells": [
  {
   "cell_type": "code",
   "execution_count": 2,
   "id": "centered-tension",
   "metadata": {
    "scrolled": true
   },
   "outputs": [
    {
     "name": "stdout",
     "output_type": "stream",
     "text": [
      "Correlation(WinRatio,GoalsForRatio)\n",
      "\n",
      "1970: 0.916 (new min) (new max)\n",
      "1971: 0.883 (new min)\n",
      "1972: 0.938 (new max)\n",
      "1973: 0.95 (new max)\n",
      "1974: 0.922\n",
      "1975: 0.955 (new max)\n",
      "1976: 0.911\n",
      "1977: 0.903\n",
      "1978: 0.865 (new min)\n",
      "1979: 0.91\n",
      "1980: 0.928\n",
      "1981: 0.845 (new min)\n",
      "1982: 0.857\n",
      "1983: 0.882\n",
      "1984: 0.965 (new max)\n",
      "1985: 0.916\n",
      "1986: 0.906\n",
      "1987: 0.897\n",
      "1988: 0.923\n",
      "1989: 0.883\n",
      "1990: 0.903\n",
      "1991: 0.911\n",
      "1992: 0.94\n",
      "1993: 0.874\n",
      "1994: 0.893\n",
      "1995: 0.888\n",
      "1996: 0.898\n",
      "1997: 0.928\n",
      "1998: 0.939\n",
      "1999: 0.898\n",
      "2000: 0.92\n",
      "2001: 0.926\n",
      "2002: 0.908\n",
      "2003: 0.909\n",
      "2004: 0.894\n",
      "2005: 0.95\n",
      "2006: 0.904\n",
      "2007: 0.932\n",
      "2008: 0.91\n",
      "2009: 0.913\n",
      "2010: 0.901\n",
      "2011: 0.91\n",
      "2012: 0.92\n",
      "2013: 0.936\n",
      "2014: 0.946\n",
      "2015: 0.932\n",
      "2016: 0.854\n",
      "2017: 0.912\n",
      "2018: 0.921\n",
      "2019: 0.871\n",
      "2020: 0.909\n",
      "MIN:1981 (0.845)\n",
      "MAX:1984 (0.965)\n",
      "AVG:0.91\n"
     ]
    }
   ],
   "source": [
    "from sportsipy.nfl.teams import Teams\n",
    "from scipy.stats import pearsonr\n",
    "import pandas as pd\n",
    "\n",
    "print('Correlation(WinRatio,GoalsForRatio)\\n')\n",
    "\n",
    "maxCorr= -1.1\n",
    "minCorr= 1.1\n",
    "minYear = 2021\n",
    "maxYear = 2021\n",
    "corrList = []\n",
    "for year in range(1970, 2021):\n",
    "    teams = list(Teams(year))\n",
    "    statd = {}\n",
    "    for i,team in enumerate(teams[0:len(teams)]):\n",
    "        statd[i] = {'Team' : team.name,\n",
    "                    'W' : team.wins,\n",
    "                    'L' : team.losses,\n",
    "                    'GP' : team.games_played,\n",
    "                    'WinPct' : round(100*team.wins/team.games_played,3),\n",
    "                    'LosPct' : round(100*team.losses/team.games_played,3),\n",
    "                    'GF' : team.points_for,\n",
    "                    'GA' : team.points_against,\n",
    "                    'GD' : team.points_for-team.points_against,\n",
    "                    'GfrPct' : round(100*team.points_for/(team.points_for+team.points_against),3),\n",
    "                    'GD_per' : round((team.points_for-team.points_against)/team.games_played,2)}\n",
    "\n",
    "    df = pd.DataFrame(statd)\n",
    "    df = df.transpose()\n",
    "    \n",
    "    corr, _ = pearsonr(df['GfrPct'].tolist(), df['WinPct'].tolist())\n",
    "    corrList.append(corr)\n",
    "    \n",
    "    if maxCorr < minCorr:\n",
    "        minCorr = corr\n",
    "        maxCorr = corr\n",
    "        minYear = year\n",
    "        maxYear = year\n",
    "        print('%s: %s (new min) (new max)' % (year,round(corr,3)))\n",
    "    elif corr < minCorr:\n",
    "        minCorr= corr\n",
    "        minYear = year\n",
    "        print('%s: %s (new min)' % (year,round(corr,3)))\n",
    "    elif corr > maxCorr:\n",
    "        maxCorr= corr\n",
    "        maxYear = year\n",
    "        print('%s: %s (new max)' % (year,round(corr,3)))\n",
    "    else: \n",
    "        print('%s: %s' % (year,round(corr,3)))\n",
    "        \n",
    "print('MIN:%s (%s)' % (minYear,round(minCorr,3)))\n",
    "print('MAX:%s (%s)' % (maxYear,round(maxCorr,3)))\n",
    "print('AVG:%s' % (round(sum(corrList)/len(corrList),3)))"
   ]
  },
  {
   "cell_type": "code",
   "execution_count": 75,
   "id": "active-contribution",
   "metadata": {},
   "outputs": [
    {
     "data": {
      "text/plain": [
       "'\\n1970-2021\\nMIN:1981 (0.842)\\nMAX:1984 (0.961)\\nAVG:0.912\\n'"
      ]
     },
     "execution_count": 75,
     "metadata": {},
     "output_type": "execute_result"
    }
   ],
   "source": [
    "'''\n",
    "1970-2021\n",
    "MIN:1981 (0.842)\n",
    "MAX:1984 (0.961)\n",
    "AVG:0.912\n",
    "'''"
   ]
  },
  {
   "cell_type": "code",
   "execution_count": 7,
   "id": "metropolitan-battlefield",
   "metadata": {},
   "outputs": [
    {
     "name": "stdout",
     "output_type": "stream",
     "text": [
      "1981 Luckiest,Median,Unluckiest Teams:\n",
      "                Team   W  L   G   GF   GA  GD WinPct LosPct GD_per  GfrPct  Iwin  Igd  Igfp  Delta  Idel WINvs50\n",
      "      Denver Broncos  10  6  16  321  289  32   62.5   37.5      2  52.623     5   14    14      9     0    12.5\n",
      " Washington Redskins   8  8  16  347  349  -2     50     50  -0.12  49.856    12   15    15      3     6       0\n",
      "     Atlanta Falcons   7  9  16  426  355  71  43.75  56.25   4.44  54.545    16    6     8     -8    26   -6.25\n"
     ]
    }
   ],
   "source": [
    "year=1981\n",
    "teams = list(Teams(year))\n",
    "statd = {}\n",
    "    \n",
    "for i,team in enumerate(teams[0:len(teams)]):\n",
    "    statd[i] = {'Team' : team.name,\n",
    "                'W' : team.wins,\n",
    "                'L' : team.losses,\n",
    "                'G' : team.games_played,\n",
    "                'WinPct' : round(100*team.wins/team.games_played,3),\n",
    "                'LosPct' : round(100*team.losses/team.games_played,3),\n",
    "                'GF' : team.points_for,\n",
    "                'GA' : team.points_against,\n",
    "                'GD' : team.points_for-team.points_against,\n",
    "                'GfrPct' : round(100*team.points_for/(team.points_for+team.points_against),3),\n",
    "                'GD_per' : round((team.points_for-team.points_against)/team.games_played,2)}\n",
    "\n",
    "df = pd.DataFrame(statd)\n",
    "df = df.transpose()\n",
    "\n",
    "x = list(df['LosPct'])\n",
    "seq = sorted(x,reverse=False)\n",
    "index = [seq.index(v) for v in x]\n",
    "df['Iwin'] =  index\n",
    "\n",
    "x = list(df['GD'])\n",
    "seq = sorted(x,reverse=True)\n",
    "index = [seq.index(v) for v in x]\n",
    "df['Igd'] =  index\n",
    "\n",
    "x = list(df['GfrPct'])\n",
    "seq = sorted(x,reverse=True)\n",
    "index = [seq.index(v) for v in x]\n",
    "df['Igfp'] =  index\n",
    "\n",
    "df['Delta'] = df['Igfp']-df['Iwin']\n",
    "x = list(df['Delta'])\n",
    "seq = sorted(x,reverse=True)\n",
    "index = [seq.index(v) for v in x]\n",
    "df['Idel'] =  index\n",
    "\n",
    "df = df[['Team','W','L','G','GF','GA','GD','WinPct','LosPct','GD_per','GfrPct','Iwin','Igd','Igfp','Delta','Idel']]\n",
    "df['WINvs50'] = df['WinPct']-50\n",
    "df_mdian = df.loc[abs(df['GD']) == min(abs((df['GD'])))]\n",
    "df_mdian = df_mdian[abs(df_mdian['WINvs50']) == min(abs(df_mdian['WINvs50']))]\n",
    "df_lucky = df[df['Delta'] == max(df['Delta'])].head(1)\n",
    "df_nluck = df[df['Delta'] == min(df['Delta'])].head(1)\n",
    "print('%s Luckiest,Median,Unluckiest Teams:' % year)\n",
    "df_ext = pd.concat([df_lucky,pd.concat([df_mdian,df_nluck],sort=False)],sort=False)\n",
    "print(df_ext.to_string(index=False))"
   ]
  },
  {
   "cell_type": "code",
   "execution_count": null,
   "id": "induced-header",
   "metadata": {},
   "outputs": [],
   "source": [
    "'''\n",
    "1981 Luckiest,Median,Unluckiest Teams: (most anomolous)\n",
    "                Team   W  L   G   GF   GA  GD WinPct LosPct GD_per  GfrPct  Iwin  Igd  Igfp  Delta  Idel WINvs50\n",
    "      Denver Broncos  10  6  16  321  289  32   62.5   37.5      2  52.623     5   14    14      9     0    12.5\n",
    " Washington Redskins   8  8  16  347  349  -2     50     50  -0.12  49.856    12   15    15      3     6       0\n",
    "     Atlanta Falcons   7  9  16  426  355  71  43.75  56.25   4.44  54.545    16    6     8     -8    26   -6.25\n",
    "    \n",
    "1984 Luckiest,Median,Unluckiest Teams: (most predictable)\n",
    "               Team  W  L   G   GF   GA  GD WinPct LosPct GD_per  GfrPct  Iwin  Igd  Igfp  Delta  Idel WINvs50\n",
    "    New York Giants  9  7  16  299  301  -2  56.25  43.75  -0.12  49.833     8   14    14      6     0    6.25\n",
    " Cincinnati Bengals  8  8  16  339  339   0     50     50      0      50    13   12    12     -1    21       0\n",
    "  Green Bay Packers  8  8  16  390  309  81     50     50   5.06  55.794    13    6     7     -6    27       0\n",
    "'''"
   ]
  },
  {
   "cell_type": "code",
   "execution_count": 10,
   "id": "incorporate-phoenix",
   "metadata": {},
   "outputs": [
    {
     "name": "stdout",
     "output_type": "stream",
     "text": [
      "1984 NFL Season - Ranked by [Iwin] -> Ratio(Games Won:Total Games) [WinPct] \n",
      "\n",
      "                 Team   W   L   G   GF   GA    GD WinPct LosPct GD_per  GfrPct  Iwin  Igd  Igfp  Delta  Idel\n",
      "  San Francisco 49ers  15   1  16  475  227   248  93.75   6.25   15.5  67.664     0    0     0      0    14\n",
      "       Miami Dolphins  14   2  16  513  298   215   87.5   12.5  13.44  63.255     1    1     1      0    14\n",
      "       Denver Broncos  13   3  16  353  241   112  81.25  18.75      7  59.428     2    4     3      1     9\n",
      "     Seattle Seahawks  12   4  16  418  282   136     75     25    8.5  59.714     3    2     2     -1    21\n",
      "  Washington Redskins  11   5  16  426  310   116  68.75  31.25   7.25   57.88     4    3     4      0    14\n",
      "  Los Angeles Raiders  11   5  16  368  278    90  68.75  31.25   5.62  56.966     4    5     5      1     9\n",
      "     Los Angeles Rams  10   6  16  346  316    30   62.5   37.5   1.88  52.266     6   10    10      4     2\n",
      "        Chicago Bears  10   6  16  325  248    77   62.5   37.5   4.81  56.719     6    8     6      0    14\n",
      "  St. Louis Cardinals   9   7  16  423  345    78  56.25  43.75   4.88  55.078     8    7     9      1     9\n",
      "  Pittsburgh Steelers   9   7  16  387  310    77  56.25  43.75   4.81  55.524     8    8     8      0    14\n",
      " New England Patriots   9   7  16  362  352    10  56.25  43.75   0.62    50.7     8   11    11      3     4\n",
      "       Dallas Cowboys   9   7  16  308  308     0  56.25  43.75      0      50     8   12    12      4     2\n",
      "      New York Giants   9   7  16  299  301    -2  56.25  43.75  -0.12  49.833     8   14    14      6     0\n",
      "    Green Bay Packers   8   8  16  390  309    81     50     50   5.06  55.794    13    6     7     -6    27\n",
      "   Cincinnati Bengals   8   8  16  339  339     0     50     50      0      50    13   12    12     -1    21\n",
      "   Kansas City Chiefs   8   8  16  314  324   -10     50     50  -0.62  49.216    13   15    15      2     6\n",
      "   San Diego Chargers   7   9  16  394  413   -19  43.75  56.25  -1.19  48.823    16   16    16      0    14\n",
      "        New York Jets   7   9  16  332  364   -32  43.75  56.25     -2  47.701    16   17    17      1     9\n",
      "   New Orleans Saints   7   9  16  298  361   -63  43.75  56.25  -3.94   45.22    16   21    21      5     1\n",
      "  Philadelphia Eagles   6   9  16  278  320   -42   37.5  56.25  -2.62  46.488    16   18    19      3     4\n",
      " Tampa Bay Buccaneers   6  10  16  335  380   -45   37.5   62.5  -2.81  46.853    20   19    18     -2    26\n",
      "     Cleveland Browns   5  11  16  250  297   -47  31.25  68.75  -2.94  45.704    21   20    20     -1    21\n",
      "        Detroit Lions   4  11  16  283  408  -125     25  68.75  -7.81  40.955    21   23    23      2     6\n",
      "      Atlanta Falcons   4  12  16  281  382  -101     25     75  -6.31  42.383    23   22    22     -1    21\n",
      "   Indianapolis Colts   4  12  16  239  414  -175     25     75 -10.94    36.6    23   24    24      1     9\n",
      "    Minnesota Vikings   3  13  16  276  484  -208  18.75  81.25    -13  36.316    25   27    25      0    14\n",
      "       Houston Oilers   3  13  16  240  437  -197  18.75  81.25 -12.31  35.451    25   25    27      2     6\n",
      "        Buffalo Bills   2  14  16  250  454  -204   12.5   87.5 -12.75  35.511    27   26    26     -1    21\n",
      "\n",
      "1984 NFL Season - Ranked by [Igd] -> Goal Differential [GD] \n",
      "\n",
      "                 Team   W   L   G   GF   GA    GD WinPct LosPct GD_per  GfrPct  Iwin  Igd  Igfp  Delta  Idel\n",
      "  San Francisco 49ers  15   1  16  475  227   248  93.75   6.25   15.5  67.664     0    0     0      0    14\n",
      "       Miami Dolphins  14   2  16  513  298   215   87.5   12.5  13.44  63.255     1    1     1      0    14\n",
      "     Seattle Seahawks  12   4  16  418  282   136     75     25    8.5  59.714     3    2     2     -1    21\n",
      "       Denver Broncos  13   3  16  353  241   112  81.25  18.75      7  59.428     2    4     3      1     9\n",
      "  Washington Redskins  11   5  16  426  310   116  68.75  31.25   7.25   57.88     4    3     4      0    14\n",
      "  Los Angeles Raiders  11   5  16  368  278    90  68.75  31.25   5.62  56.966     4    5     5      1     9\n",
      "        Chicago Bears  10   6  16  325  248    77   62.5   37.5   4.81  56.719     6    8     6      0    14\n",
      "    Green Bay Packers   8   8  16  390  309    81     50     50   5.06  55.794    13    6     7     -6    27\n",
      "  Pittsburgh Steelers   9   7  16  387  310    77  56.25  43.75   4.81  55.524     8    8     8      0    14\n",
      "  St. Louis Cardinals   9   7  16  423  345    78  56.25  43.75   4.88  55.078     8    7     9      1     9\n",
      "     Los Angeles Rams  10   6  16  346  316    30   62.5   37.5   1.88  52.266     6   10    10      4     2\n",
      " New England Patriots   9   7  16  362  352    10  56.25  43.75   0.62    50.7     8   11    11      3     4\n",
      "   Cincinnati Bengals   8   8  16  339  339     0     50     50      0      50    13   12    12     -1    21\n",
      "       Dallas Cowboys   9   7  16  308  308     0  56.25  43.75      0      50     8   12    12      4     2\n",
      "      New York Giants   9   7  16  299  301    -2  56.25  43.75  -0.12  49.833     8   14    14      6     0\n",
      "   Kansas City Chiefs   8   8  16  314  324   -10     50     50  -0.62  49.216    13   15    15      2     6\n",
      "   San Diego Chargers   7   9  16  394  413   -19  43.75  56.25  -1.19  48.823    16   16    16      0    14\n",
      "        New York Jets   7   9  16  332  364   -32  43.75  56.25     -2  47.701    16   17    17      1     9\n",
      " Tampa Bay Buccaneers   6  10  16  335  380   -45   37.5   62.5  -2.81  46.853    20   19    18     -2    26\n",
      "  Philadelphia Eagles   6   9  16  278  320   -42   37.5  56.25  -2.62  46.488    16   18    19      3     4\n",
      "     Cleveland Browns   5  11  16  250  297   -47  31.25  68.75  -2.94  45.704    21   20    20     -1    21\n",
      "   New Orleans Saints   7   9  16  298  361   -63  43.75  56.25  -3.94   45.22    16   21    21      5     1\n",
      "      Atlanta Falcons   4  12  16  281  382  -101     25     75  -6.31  42.383    23   22    22     -1    21\n",
      "        Detroit Lions   4  11  16  283  408  -125     25  68.75  -7.81  40.955    21   23    23      2     6\n",
      "   Indianapolis Colts   4  12  16  239  414  -175     25     75 -10.94    36.6    23   24    24      1     9\n",
      "    Minnesota Vikings   3  13  16  276  484  -208  18.75  81.25    -13  36.316    25   27    25      0    14\n",
      "        Buffalo Bills   2  14  16  250  454  -204   12.5   87.5 -12.75  35.511    27   26    26     -1    21\n",
      "       Houston Oilers   3  13  16  240  437  -197  18.75  81.25 -12.31  35.451    25   25    27      2     6\n",
      "\n",
      "1984 NFL Season - Ranked by luck [Idel] -> Iwin-Igd (Delta) \n",
      "\n",
      "                 Team   W   L   G   GF   GA    GD WinPct LosPct GD_per  GfrPct  Iwin  Igd  Igfp  Delta  Idel\n",
      "      New York Giants   9   7  16  299  301    -2  56.25  43.75  -0.12  49.833     8   14    14      6     0\n",
      "   New Orleans Saints   7   9  16  298  361   -63  43.75  56.25  -3.94   45.22    16   21    21      5     1\n",
      "       Dallas Cowboys   9   7  16  308  308     0  56.25  43.75      0      50     8   12    12      4     2\n",
      "     Los Angeles Rams  10   6  16  346  316    30   62.5   37.5   1.88  52.266     6   10    10      4     2\n",
      "  Philadelphia Eagles   6   9  16  278  320   -42   37.5  56.25  -2.62  46.488    16   18    19      3     4\n",
      " New England Patriots   9   7  16  362  352    10  56.25  43.75   0.62    50.7     8   11    11      3     4\n",
      "        Detroit Lions   4  11  16  283  408  -125     25  68.75  -7.81  40.955    21   23    23      2     6\n",
      "   Kansas City Chiefs   8   8  16  314  324   -10     50     50  -0.62  49.216    13   15    15      2     6\n",
      "       Houston Oilers   3  13  16  240  437  -197  18.75  81.25 -12.31  35.451    25   25    27      2     6\n",
      "  St. Louis Cardinals   9   7  16  423  345    78  56.25  43.75   4.88  55.078     8    7     9      1     9\n",
      "   Indianapolis Colts   4  12  16  239  414  -175     25     75 -10.94    36.6    23   24    24      1     9\n",
      "       Denver Broncos  13   3  16  353  241   112  81.25  18.75      7  59.428     2    4     3      1     9\n",
      "  Los Angeles Raiders  11   5  16  368  278    90  68.75  31.25   5.62  56.966     4    5     5      1     9\n",
      "        New York Jets   7   9  16  332  364   -32  43.75  56.25     -2  47.701    16   17    17      1     9\n",
      "    Minnesota Vikings   3  13  16  276  484  -208  18.75  81.25    -13  36.316    25   27    25      0    14\n",
      "       Miami Dolphins  14   2  16  513  298   215   87.5   12.5  13.44  63.255     1    1     1      0    14\n",
      "  Pittsburgh Steelers   9   7  16  387  310    77  56.25  43.75   4.81  55.524     8    8     8      0    14\n",
      "  San Francisco 49ers  15   1  16  475  227   248  93.75   6.25   15.5  67.664     0    0     0      0    14\n",
      "  Washington Redskins  11   5  16  426  310   116  68.75  31.25   7.25   57.88     4    3     4      0    14\n",
      "        Chicago Bears  10   6  16  325  248    77   62.5   37.5   4.81  56.719     6    8     6      0    14\n",
      "   San Diego Chargers   7   9  16  394  413   -19  43.75  56.25  -1.19  48.823    16   16    16      0    14\n",
      "        Buffalo Bills   2  14  16  250  454  -204   12.5   87.5 -12.75  35.511    27   26    26     -1    21\n",
      "     Cleveland Browns   5  11  16  250  297   -47  31.25  68.75  -2.94  45.704    21   20    20     -1    21\n",
      "     Seattle Seahawks  12   4  16  418  282   136     75     25    8.5  59.714     3    2     2     -1    21\n",
      "      Atlanta Falcons   4  12  16  281  382  -101     25     75  -6.31  42.383    23   22    22     -1    21\n",
      "   Cincinnati Bengals   8   8  16  339  339     0     50     50      0      50    13   12    12     -1    21\n",
      " Tampa Bay Buccaneers   6  10  16  335  380   -45   37.5   62.5  -2.81  46.853    20   19    18     -2    26\n",
      "    Green Bay Packers   8   8  16  390  309    81     50     50   5.06  55.794    13    6     7     -6    27\n"
     ]
    }
   ],
   "source": [
    "year=1984\n",
    "teams = list(Teams(year))\n",
    "statd = {}\n",
    "    \n",
    "for i,team in enumerate(teams[0:len(teams)]):\n",
    "    statd[i] = {'Team' : team.name,\n",
    "                'W' : team.wins,\n",
    "                'L' : team.losses,\n",
    "                'G' : team.games_played,\n",
    "                'WinPct' : round(100*team.wins/team.games_played,3),\n",
    "                'LosPct' : round(100*team.losses/team.games_played,3),\n",
    "                'GF' : team.points_for,\n",
    "                'GA' : team.points_against,\n",
    "                'GD' : team.points_for-team.points_against,\n",
    "                'GfrPct' : round(100*team.points_for/(team.points_for+team.points_against),3),\n",
    "                'GD_per' : round((team.points_for-team.points_against)/team.games_played,2)}\n",
    "\n",
    "df = pd.DataFrame(statd)\n",
    "df = df.transpose()\n",
    "\n",
    "x = list(df['LosPct'])\n",
    "seq = sorted(x,reverse=False)\n",
    "index = [seq.index(v) for v in x]\n",
    "df['Iwin'] =  index\n",
    "\n",
    "x = list(df['GD'])\n",
    "seq = sorted(x,reverse=True)\n",
    "index = [seq.index(v) for v in x]\n",
    "df['Igd'] =  index\n",
    "\n",
    "x = list(df['GfrPct'])\n",
    "seq = sorted(x,reverse=True)\n",
    "index = [seq.index(v) for v in x]\n",
    "df['Igfp'] =  index\n",
    "\n",
    "df['Delta'] = df['Igfp']-df['Iwin']\n",
    "x = list(df['Delta'])\n",
    "seq = sorted(x,reverse=True)\n",
    "index = [seq.index(v) for v in x]\n",
    "df['Idel'] =  index\n",
    "\n",
    "df = df[['Team','W','L','G','GF','GA','GD','WinPct','LosPct','GD_per','GfrPct','Iwin','Igd','Igfp','Delta','Idel']]\n",
    "df = df.sort_values(['WinPct','LosPct'],ascending = (False,True))\n",
    "print('%s NFL Season - Ranked by [Iwin] -> Ratio(Games Won:Total Games) [WinPct] \\n' % year)\n",
    "print(df.to_string(index=False))\n",
    "\n",
    "df = df.sort_values('GfrPct',ascending=False)\n",
    "print('\\n%s NFL Season - Ranked by [Igd] -> Goal Differential [GD] \\n' % year)\n",
    "print(df.to_string(index=False))\n",
    "\n",
    "df = df.sort_values('Idel',ascending=True)\n",
    "print('\\n%s NFL Season - Ranked by luck [Idel] -> Iwin-Igd (Delta) \\n' % year)\n",
    "print(df.to_string(index=False))"
   ]
  },
  {
   "cell_type": "code",
   "execution_count": 9,
   "id": "certain-valve",
   "metadata": {},
   "outputs": [
    {
     "name": "stdout",
     "output_type": "stream",
     "text": [
      "1981 NFL Season - Ranked by [Iwin] -> Ratio(Games Won:Total Games) [WinPct] \n",
      "\n",
      "                 Team   W   L   G   GF   GA    GD WinPct LosPct GD_per  GfrPct  Iwin  Igd  Igfp  Delta  Idel\n",
      "  San Francisco 49ers  13   3  16  357  250   107  81.25  18.75   6.69  58.814     0    2     1      1    13\n",
      "   Cincinnati Bengals  12   4  16  421  304   117     75     25   7.31  58.069     1    1     2      1    13\n",
      "       Dallas Cowboys  12   4  16  367  277    90     75     25   5.62  56.988     1    3     3      2     9\n",
      "       Miami Dolphins  11   4  16  345  275    70  68.75     25   4.38  55.645     1    7     4      3     6\n",
      "        New York Jets  10   5  16  355  287    68   62.5  31.25   4.25  55.296     4    8     5      1    13\n",
      "   San Diego Chargers  10   6  16  478  390    88   62.5   37.5    5.5  55.069     5    4     7      2     9\n",
      "  Philadelphia Eagles  10   6  16  368  221   147   62.5   37.5   9.19  62.479     5    0     0     -5    24\n",
      "       Denver Broncos  10   6  16  321  289    32   62.5   37.5      2  52.623     5   14    14      9     0\n",
      "        Buffalo Bills  10   6  16  311  276    35   62.5   37.5   2.19  52.981     5   13    13      8     1\n",
      "   Kansas City Chiefs   9   7  16  343  290    53  56.25  43.75   3.31  54.186     9   10    10      1    13\n",
      " Tampa Bay Buccaneers   9   7  16  315  268    47  56.25  43.75   2.94  54.031     9   11    11      2     9\n",
      "      New York Giants   9   7  16  295  257    38  56.25  43.75   2.38  53.442     9   12    12      3     6\n",
      "        Detroit Lions   8   8  16  397  322    75     50     50   4.69  55.216    12    5     6     -6    25\n",
      "  Pittsburgh Steelers   8   8  16  356  297    59     50     50   3.69  54.518    12    9     9     -3    23\n",
      "  Washington Redskins   8   8  16  347  349    -2     50     50  -0.12  49.856    12   15    15      3     6\n",
      "    Green Bay Packers   8   8  16  324  361   -37     50     50  -2.31  47.299    12   16    16      4     5\n",
      "      Atlanta Falcons   7   9  16  426  355    71  43.75  56.25   4.44  54.545    16    6     8     -8    26\n",
      "    Minnesota Vikings   7   9  16  325  369   -44  43.75  56.25  -2.75   46.83    16   17    17      1    13\n",
      "  St. Louis Cardinals   7   9  16  315  408   -93  43.75  56.25  -5.81  43.568    16   24    24      8     1\n",
      "       Houston Oilers   7   9  16  281  355   -74  43.75  56.25  -4.62  44.182    16   23    22      6     3\n",
      "      Oakland Raiders   7   9  16  273  343   -70  43.75  56.25  -4.38  44.318    16   21    21      5     4\n",
      "     Seattle Seahawks   6  10  16  322  388   -66   37.5   62.5  -4.12  45.352    21   20    20     -1    21\n",
      "     Los Angeles Rams   6  10  16  303  351   -48   37.5   62.5     -3   46.33    21   18    19     -2    22\n",
      "        Chicago Bears   6  10  16  253  324   -71   37.5   62.5  -4.44  43.847    21   22    23      2     9\n",
      "     Cleveland Browns   5  11  16  276  375   -99  31.25  68.75  -6.19  42.396    24   25    25      1    13\n",
      "   New Orleans Saints   4  12  16  207  378  -171     25     75 -10.69  35.385    25   26    26      1    13\n",
      " New England Patriots   2  14  16  322  370   -48   12.5   87.5     -3  46.532    26   18    18     -8    26\n",
      "      Baltimore Colts   2  14  16  259  533  -274   12.5   87.5 -17.12  32.702    26   27    27      1    13\n",
      "\n",
      "1981 NFL Season - Ranked by [Igd] -> Goal Differential [GD] \n",
      "\n",
      "                 Team   W   L   G   GF   GA    GD WinPct LosPct GD_per  GfrPct  Iwin  Igd  Igfp  Delta  Idel\n",
      "  Philadelphia Eagles  10   6  16  368  221   147   62.5   37.5   9.19  62.479     5    0     0     -5    24\n",
      "  San Francisco 49ers  13   3  16  357  250   107  81.25  18.75   6.69  58.814     0    2     1      1    13\n",
      "   Cincinnati Bengals  12   4  16  421  304   117     75     25   7.31  58.069     1    1     2      1    13\n",
      "       Dallas Cowboys  12   4  16  367  277    90     75     25   5.62  56.988     1    3     3      2     9\n",
      "       Miami Dolphins  11   4  16  345  275    70  68.75     25   4.38  55.645     1    7     4      3     6\n",
      "        New York Jets  10   5  16  355  287    68   62.5  31.25   4.25  55.296     4    8     5      1    13\n",
      "        Detroit Lions   8   8  16  397  322    75     50     50   4.69  55.216    12    5     6     -6    25\n",
      "   San Diego Chargers  10   6  16  478  390    88   62.5   37.5    5.5  55.069     5    4     7      2     9\n",
      "      Atlanta Falcons   7   9  16  426  355    71  43.75  56.25   4.44  54.545    16    6     8     -8    26\n",
      "  Pittsburgh Steelers   8   8  16  356  297    59     50     50   3.69  54.518    12    9     9     -3    23\n",
      "   Kansas City Chiefs   9   7  16  343  290    53  56.25  43.75   3.31  54.186     9   10    10      1    13\n",
      " Tampa Bay Buccaneers   9   7  16  315  268    47  56.25  43.75   2.94  54.031     9   11    11      2     9\n",
      "      New York Giants   9   7  16  295  257    38  56.25  43.75   2.38  53.442     9   12    12      3     6\n",
      "        Buffalo Bills  10   6  16  311  276    35   62.5   37.5   2.19  52.981     5   13    13      8     1\n",
      "       Denver Broncos  10   6  16  321  289    32   62.5   37.5      2  52.623     5   14    14      9     0\n",
      "  Washington Redskins   8   8  16  347  349    -2     50     50  -0.12  49.856    12   15    15      3     6\n",
      "    Green Bay Packers   8   8  16  324  361   -37     50     50  -2.31  47.299    12   16    16      4     5\n",
      "    Minnesota Vikings   7   9  16  325  369   -44  43.75  56.25  -2.75   46.83    16   17    17      1    13\n",
      " New England Patriots   2  14  16  322  370   -48   12.5   87.5     -3  46.532    26   18    18     -8    26\n",
      "     Los Angeles Rams   6  10  16  303  351   -48   37.5   62.5     -3   46.33    21   18    19     -2    22\n",
      "     Seattle Seahawks   6  10  16  322  388   -66   37.5   62.5  -4.12  45.352    21   20    20     -1    21\n",
      "      Oakland Raiders   7   9  16  273  343   -70  43.75  56.25  -4.38  44.318    16   21    21      5     4\n",
      "       Houston Oilers   7   9  16  281  355   -74  43.75  56.25  -4.62  44.182    16   23    22      6     3\n",
      "        Chicago Bears   6  10  16  253  324   -71   37.5   62.5  -4.44  43.847    21   22    23      2     9\n",
      "  St. Louis Cardinals   7   9  16  315  408   -93  43.75  56.25  -5.81  43.568    16   24    24      8     1\n",
      "     Cleveland Browns   5  11  16  276  375   -99  31.25  68.75  -6.19  42.396    24   25    25      1    13\n",
      "   New Orleans Saints   4  12  16  207  378  -171     25     75 -10.69  35.385    25   26    26      1    13\n",
      "      Baltimore Colts   2  14  16  259  533  -274   12.5   87.5 -17.12  32.702    26   27    27      1    13\n",
      "\n",
      "1981 NFL Season - Ranked by luck [Idel] -> Iwin-Igd (Delta) \n",
      "\n",
      "                 Team   W   L   G   GF   GA    GD WinPct LosPct GD_per  GfrPct  Iwin  Igd  Igfp  Delta  Idel\n",
      "       Denver Broncos  10   6  16  321  289    32   62.5   37.5      2  52.623     5   14    14      9     0\n",
      "        Buffalo Bills  10   6  16  311  276    35   62.5   37.5   2.19  52.981     5   13    13      8     1\n",
      "  St. Louis Cardinals   7   9  16  315  408   -93  43.75  56.25  -5.81  43.568    16   24    24      8     1\n",
      "       Houston Oilers   7   9  16  281  355   -74  43.75  56.25  -4.62  44.182    16   23    22      6     3\n",
      "      Oakland Raiders   7   9  16  273  343   -70  43.75  56.25  -4.38  44.318    16   21    21      5     4\n",
      "    Green Bay Packers   8   8  16  324  361   -37     50     50  -2.31  47.299    12   16    16      4     5\n",
      "       Miami Dolphins  11   4  16  345  275    70  68.75     25   4.38  55.645     1    7     4      3     6\n",
      "      New York Giants   9   7  16  295  257    38  56.25  43.75   2.38  53.442     9   12    12      3     6\n",
      "  Washington Redskins   8   8  16  347  349    -2     50     50  -0.12  49.856    12   15    15      3     6\n",
      "       Dallas Cowboys  12   4  16  367  277    90     75     25   5.62  56.988     1    3     3      2     9\n",
      "        Chicago Bears   6  10  16  253  324   -71   37.5   62.5  -4.44  43.847    21   22    23      2     9\n",
      "   San Diego Chargers  10   6  16  478  390    88   62.5   37.5    5.5  55.069     5    4     7      2     9\n",
      " Tampa Bay Buccaneers   9   7  16  315  268    47  56.25  43.75   2.94  54.031     9   11    11      2     9\n",
      "     Cleveland Browns   5  11  16  276  375   -99  31.25  68.75  -6.19  42.396    24   25    25      1    13\n",
      "    Minnesota Vikings   7   9  16  325  369   -44  43.75  56.25  -2.75   46.83    16   17    17      1    13\n",
      "      Baltimore Colts   2  14  16  259  533  -274   12.5   87.5 -17.12  32.702    26   27    27      1    13\n",
      "   Kansas City Chiefs   9   7  16  343  290    53  56.25  43.75   3.31  54.186     9   10    10      1    13\n",
      "        New York Jets  10   5  16  355  287    68   62.5  31.25   4.25  55.296     4    8     5      1    13\n",
      "   Cincinnati Bengals  12   4  16  421  304   117     75     25   7.31  58.069     1    1     2      1    13\n",
      "  San Francisco 49ers  13   3  16  357  250   107  81.25  18.75   6.69  58.814     0    2     1      1    13\n",
      "   New Orleans Saints   4  12  16  207  378  -171     25     75 -10.69  35.385    25   26    26      1    13\n",
      "     Seattle Seahawks   6  10  16  322  388   -66   37.5   62.5  -4.12  45.352    21   20    20     -1    21\n",
      "     Los Angeles Rams   6  10  16  303  351   -48   37.5   62.5     -3   46.33    21   18    19     -2    22\n",
      "  Pittsburgh Steelers   8   8  16  356  297    59     50     50   3.69  54.518    12    9     9     -3    23\n",
      "  Philadelphia Eagles  10   6  16  368  221   147   62.5   37.5   9.19  62.479     5    0     0     -5    24\n",
      "        Detroit Lions   8   8  16  397  322    75     50     50   4.69  55.216    12    5     6     -6    25\n",
      " New England Patriots   2  14  16  322  370   -48   12.5   87.5     -3  46.532    26   18    18     -8    26\n",
      "      Atlanta Falcons   7   9  16  426  355    71  43.75  56.25   4.44  54.545    16    6     8     -8    26\n"
     ]
    }
   ],
   "source": [
    "year=1981\n",
    "teams = list(Teams(year))\n",
    "statd = {}\n",
    "    \n",
    "for i,team in enumerate(teams[0:len(teams)]):\n",
    "    statd[i] = {'Team' : team.name,\n",
    "                'W' : team.wins,\n",
    "                'L' : team.losses,\n",
    "                'G' : team.games_played,\n",
    "                'WinPct' : round(100*team.wins/team.games_played,3),\n",
    "                'LosPct' : round(100*team.losses/team.games_played,3),\n",
    "                'GF' : team.points_for,\n",
    "                'GA' : team.points_against,\n",
    "                'GD' : team.points_for-team.points_against,\n",
    "                'GfrPct' : round(100*team.points_for/(team.points_for+team.points_against),3),\n",
    "                'GD_per' : round((team.points_for-team.points_against)/team.games_played,2)}\n",
    "\n",
    "df = pd.DataFrame(statd)\n",
    "df = df.transpose()\n",
    "\n",
    "x = list(df['LosPct'])\n",
    "seq = sorted(x,reverse=False)\n",
    "index = [seq.index(v) for v in x]\n",
    "df['Iwin'] =  index\n",
    "\n",
    "x = list(df['GD'])\n",
    "seq = sorted(x,reverse=True)\n",
    "index = [seq.index(v) for v in x]\n",
    "df['Igd'] =  index\n",
    "\n",
    "x = list(df['GfrPct'])\n",
    "seq = sorted(x,reverse=True)\n",
    "index = [seq.index(v) for v in x]\n",
    "df['Igfp'] =  index\n",
    "\n",
    "df['Delta'] = df['Igfp']-df['Iwin']\n",
    "x = list(df['Delta'])\n",
    "seq = sorted(x,reverse=True)\n",
    "index = [seq.index(v) for v in x]\n",
    "df['Idel'] =  index\n",
    "\n",
    "df = df[['Team','W','L','G','GF','GA','GD','WinPct','LosPct','GD_per','GfrPct','Iwin','Igd','Igfp','Delta','Idel']]\n",
    "df = df.sort_values(['WinPct','LosPct'],ascending = (False,True))\n",
    "print('%s NFL Season - Ranked by [Iwin] -> Ratio(Games Won:Total Games) [WinPct] \\n' % year)\n",
    "print(df.to_string(index=False))\n",
    "\n",
    "df = df.sort_values('GfrPct',ascending=False)\n",
    "print('\\n%s NFL Season - Ranked by [Igd] -> Goal Differential [GD] \\n' % year)\n",
    "print(df.to_string(index=False))\n",
    "\n",
    "df = df.sort_values('Idel',ascending=True)\n",
    "print('\\n%s NFL Season - Ranked by luck [Idel] -> Iwin-Igd (Delta) \\n' % year)\n",
    "print(df.to_string(index=False))"
   ]
  }
 ],
 "metadata": {
  "kernelspec": {
   "display_name": "Python 3",
   "language": "python",
   "name": "python3"
  },
  "language_info": {
   "codemirror_mode": {
    "name": "ipython",
    "version": 3
   },
   "file_extension": ".py",
   "mimetype": "text/x-python",
   "name": "python",
   "nbconvert_exporter": "python",
   "pygments_lexer": "ipython3",
   "version": "3.8.3"
  }
 },
 "nbformat": 4,
 "nbformat_minor": 5
}
