{
 "cells": [
  {
   "cell_type": "code",
   "execution_count": 34,
   "id": "excessive-liberal",
   "metadata": {
    "scrolled": true
   },
   "outputs": [
    {
     "name": "stdout",
     "output_type": "stream",
     "text": [
      "Correlation(WinRatio,GoalDifferential)\n",
      "\n",
      "1970: 0.918 (new min)\n",
      "1970: 0.918 (new max)\n",
      "1971: 0.954 (new max)\n",
      "1972: 0.909 (new min)\n",
      "1973: 0.934\n",
      "1974: 0.934\n",
      "1975: 0.942\n",
      "1976: 0.957 (new max)\n",
      "1977: 0.952\n",
      "1978: 0.926\n",
      "1979: 0.953\n",
      "1980: 0.916\n",
      "1981: 0.895 (new min)\n",
      "1982: 0.932\n",
      "1983: 0.938\n",
      "1984: 0.839 (new min)\n",
      "1985: 0.943\n",
      "1986: 0.903\n",
      "1987: 0.927\n",
      "1988: 0.967 (new max)\n",
      "1989: 0.933\n",
      "1990: 0.907\n",
      "1991: 0.957\n",
      "1992: 0.925\n",
      "1993: 0.92\n",
      "1994: 0.915\n",
      "1995: 0.894\n",
      "1996: 0.937\n",
      "1997: 0.899\n",
      "1998: 0.957\n",
      "1999: 0.96\n",
      "2000: 0.926\n",
      "2001: 0.956\n",
      "2002: 0.957\n",
      "2003: 0.949\n",
      "2004: 0.945\n",
      "2005: 0.906\n",
      "2006: 0.904\n",
      "2007: 0.9\n",
      "2008: 0.924\n",
      "2009: 0.925\n",
      "2010: 0.976 (new max)\n",
      "2011: 0.929\n",
      "2012: 0.944\n",
      "2013: 0.946\n",
      "2014: 0.905\n",
      "2015: 0.878\n",
      "2016: 0.914\n",
      "2017: 0.951\n",
      "2018: 0.954\n",
      "2019: 0.975\n",
      "2020: 0.916\n",
      "MIN:1984 (0.839)\n",
      "MAX:2010 (0.976)\n",
      "AVG:0.93\n"
     ]
    }
   ],
   "source": [
    "from sportsipy.mlb.teams import Teams\n",
    "from scipy.stats import pearsonr\n",
    "import pandas as pd\n",
    "\n",
    "print('Correlation(WinRatio,GoalDifferential)\\n')\n",
    "\n",
    "maxCorr= -1.1\n",
    "minCorr= 1.1\n",
    "minYear = 2021\n",
    "maxYear = 2021\n",
    "corrList = []\n",
    "for year in range(1970, 2021):\n",
    "    teams = list(Teams(year))\n",
    "    statd = {}\n",
    "    for i,team in enumerate(teams[0:len(teams)]):\n",
    "                    G = team.games\n",
    "                    GF = int(G*team.runs)\n",
    "                    GA = int(G*team.runs_against)\n",
    "                    statd[i] = {'Team' : team.name,\n",
    "                    'W' : team.wins,\n",
    "                    'L' : team.losses,\n",
    "                    'G' : G,\n",
    "                    'WinPct' : round(100*team.wins/G,3),\n",
    "                    'GF' : GF,\n",
    "                    'GA' : GA,\n",
    "                    'GD' : GF-GA,\n",
    "                    'GD_per' : round((GF-GA)/G,2)}\n",
    "                    \n",
    "    df = pd.DataFrame(statd)\n",
    "    df = df.transpose()\n",
    "\n",
    "    corr, _ = pearsonr(df['GD'].tolist(), df['WinPct'].tolist())\n",
    "    corrList.append(corr)\n",
    "    \n",
    "    if maxCorr < minCorr:\n",
    "        minCorr = corr\n",
    "        maxCorr = corr\n",
    "        minYear = year\n",
    "        maxYear = year\n",
    "        print('%s: %s (new min) (new max)' % (year,round(corr,3)))\n",
    "    elif corr < minCorr:\n",
    "        minCorr= corr\n",
    "        minYear = year\n",
    "        print('%s: %s (new min)' % (year,round(corr,3)))\n",
    "    elif corr > maxCorr:\n",
    "        maxCorr= corr\n",
    "        maxYear = year\n",
    "        print('%s: %s (new max)' % (year,round(corr,3)))\n",
    "    else: \n",
    "        print('%s: %s' % (year,round(corr,3)))\n",
    "\n",
    "print('MIN:%s (%s)' % (minYear,round(minCorr,3)))\n",
    "print('MAX:%s (%s)' % (maxYear,round(maxCorr,3)))\n",
    "print('AVG:%s' % (round(sum(corrList)/len(corrList),3)))"
   ]
  },
  {
   "cell_type": "code",
   "execution_count": 92,
   "id": "flying-reunion",
   "metadata": {},
   "outputs": [
    {
     "name": "stdout",
     "output_type": "stream",
     "text": [
      "2000 Luckiest,Median,Unluckiest Teams:\n",
      "           Team   W   L    G   GF   GA  GD   Rwin GD_per  Iwin  Idiff  Delta  Idel WINvs50\n",
      " Atlanta Braves  95  67  162  810  712  98  0.586    0.6     1      6      5     0   0.086\n",
      " Detroit Tigers  79  83  162  826  826   0  0.488      0    17     14     -3    20  -0.012\n",
      " Houston Astros  72  90  162  939  939   0  0.444      0    22     14     -8    29  -0.056\n"
     ]
    }
   ],
   "source": [
    "year=2000\n",
    "teams = list(Teams(year))\n",
    "statd = {}\n",
    "    \n",
    "for i,team in enumerate(teams[0:len(teams)]):\n",
    "                    G = team.games\n",
    "                    GF = int(G*team.runs)\n",
    "                    GA = int(G*team.runs_against)\n",
    "                    statd[i] = {'Team' : team.name,\n",
    "                    'W' : team.wins,\n",
    "                    'L' : team.losses,\n",
    "                    'G' : G,\n",
    "                    'Rwin' : round(team.wins/G,3),\n",
    "                    'GF' : GF,\n",
    "                    'GA' : GA,\n",
    "                    'GD' : GF-GA,\n",
    "                    'GD_per' : round((GF-GA)/G,2)}\n",
    "                    \n",
    "df = pd.DataFrame(statd)\n",
    "df = df.transpose()\n",
    "\n",
    "x = list(df['Rwin'])\n",
    "seq = sorted(x,reverse=True)\n",
    "index = [seq.index(v) for v in x]\n",
    "df['Iwin'] =  index\n",
    "\n",
    "x = list(df['GD'])\n",
    "seq = sorted(x,reverse=True)\n",
    "index = [seq.index(v) for v in x]\n",
    "df['Igd'] =  index\n",
    "\n",
    "df['Delta'] = df['Igd']-df['Iwin']\n",
    "x = list(df['Delta'])\n",
    "seq = sorted(x,reverse=True)\n",
    "index = [seq.index(v) for v in x]\n",
    "df['Idel'] =  index\n",
    "\n",
    "df = df[['Team','W','L','G','GF','GA','GD','Rwin','GD_per','Iwin','Igd','Delta','Idel']]\n",
    "df = df.sort_values('W',ascending=False)\n",
    "df['WINvs50'] = df['Rwin']-.5\n",
    "df_mdian = df.loc[abs(df['GD']) == min(abs((df['GD'])))]\n",
    "df_mdian = df_mdian[abs(df_mdian['WINvs50']) == min(abs(df_mdian['WINvs50']))]\n",
    "df_lucky = df[df['Delta'] == max(df['Delta'])].head(1)\n",
    "df_nluck = df[df['Delta'] == min(df['Delta'])].head(1)\n",
    "print('%s Luckiest,Median,Unluckiest Teams:' % year)\n",
    "df_ext = pd.concat([df_lucky,pd.concat([df_mdian,df_nluck],sort=False)],sort=False)\n",
    "print(df_ext.to_string(index=False))"
   ]
  },
  {
   "cell_type": "code",
   "execution_count": null,
   "id": "assured-birth",
   "metadata": {},
   "outputs": [],
   "source": [
    "1984 Luckiest,Median,Unluckiest Teams: (most anomolous)\n",
    "               Team   W   L    G   GF   GA   GD   Rwin GD_per  Iwin  Idiff  Delta  Idel WINvs50\n",
    "      New York Mets  90  72  162  648  680  -32  0.556   -0.2     3     18     15     0   0.056\n",
    "    Minnesota Twins  81  81  162  680  680    0    0.5      0    10     11      1     8       0\n",
    "  California Angels  81  81  162  696  696    0    0.5      0    10     11      1     8       0\n",
    " Pittsburgh Pirates  75  87  162  615  567   48  0.463    0.3    18      7    -11    25  -0.037\n",
    "    \n",
    "2010 Luckiest,Median,Unluckiest Teams: (most predictable)\n",
    "                Team   W   L    G   GF   GA   GD   Rwin GD_per  Iwin  Idiff  Delta  Idel WINvs50\n",
    " Los Angeles Dodgers  80  82  162  664  696  -32  0.494   -0.2    16     19      3     0  -0.006\n",
    "      Detroit Tigers  81  81  162  745  745    0    0.5      0    14     15      1     6       0\n",
    "       New York Mets  79  83  162  648  648    0  0.488      0    19     15     -4    29  -0.012"
   ]
  },
  {
   "cell_type": "code",
   "execution_count": 93,
   "id": "chronic-choir",
   "metadata": {},
   "outputs": [
    {
     "name": "stdout",
     "output_type": "stream",
     "text": [
      "2010 NFL Season - Ranked by [Iwin] -> Ratio(Games Won:Total Games) [Rwin] \n",
      "\n",
      "                          Team   W    L    G   GF   GA    GD   Rwin GD_per  Iwin  Idiff  Delta  Idel\n",
      "         Philadelphia Phillies  97   65  162  777  648   129  0.599    0.8     0      2      2     2\n",
      "                Tampa Bay Rays  96   66  162  810  648   162  0.593      1     1      0     -1    16\n",
      "              New York Yankees  95   67  162  858  696   162  0.586      1     2      0     -2    23\n",
      "               Minnesota Twins  94   68  162  777  664   113   0.58    0.7     3      4      1     6\n",
      "          San Francisco Giants  92   70  162  696  583   113  0.568    0.7     4      4      0    11\n",
      "               Cincinnati Reds  91   71  162  793  680   113  0.562    0.7     5      4     -1    16\n",
      "                Atlanta Braves  91   71  162  745  631   114  0.562    0.7     5      3     -2    23\n",
      "                 Texas Rangers  90   72  162  793  680   113  0.556    0.7     7      4     -3    26\n",
      "              San Diego Padres  90   72  162  664  583    81  0.556    0.5     7      8      1     6\n",
      "                Boston Red Sox  89   73  162  810  745    65  0.549    0.4     9     10      1     6\n",
      "             Chicago White Sox  88   74  162  745  696    49  0.543    0.3    10     12      2     2\n",
      "           St. Louis Cardinals  86   76  162  729  648    81  0.531    0.5    11      8     -3    26\n",
      "             Toronto Blue Jays  85   77  162  761  729    32  0.525    0.2    12     14      2     2\n",
      "              Colorado Rockies  83   79  162  777  712    65  0.512    0.4    13     10     -3    26\n",
      "                Detroit Tigers  81   81  162  745  745     0    0.5      0    14     15      1     6\n",
      "             Oakland Athletics  81   81  162  664  631    33    0.5    0.2    14     13     -1    16\n",
      "               Florida Marlins  80   82  162  712  712     0  0.494      0    16     15     -1    16\n",
      " Los Angeles Angels of Anaheim  80   82  162  680  696   -16  0.494   -0.1    16     18      2     2\n",
      "           Los Angeles Dodgers  80   82  162  664  696   -32  0.494   -0.2    16     19      3     0\n",
      "                 New York Mets  79   83  162  648  648     0  0.488      0    19     15     -4    29\n",
      "             Milwaukee Brewers  77   85  162  745  810   -65  0.475   -0.4    20     20      0    11\n",
      "                Houston Astros  76   86  162  615  729  -114  0.469   -0.7    21     24      3     0\n",
      "                  Chicago Cubs  75   87  162  680  761   -81  0.463   -0.5    22     21     -1    16\n",
      "             Cleveland Indians  69   93  162  648  745   -97  0.426   -0.6    23     22     -1    16\n",
      "          Washington Nationals  69   93  162  648  745   -97  0.426   -0.6    23     22     -1    16\n",
      "            Kansas City Royals  67   95  162  680  842  -162  0.414     -1    25     26      1     6\n",
      "             Baltimore Orioles  66   96  162  615  777  -162  0.407     -1    26     26      0    11\n",
      "          Arizona Diamondbacks  65   97  162  712  842  -130  0.401   -0.8    27     25     -2    23\n",
      "              Seattle Mariners  61  101  162  518  696  -178  0.377   -1.1    28     28      0    11\n",
      "            Pittsburgh Pirates  57  105  162  583  858  -275  0.352   -1.7    29     29      0    11\n",
      "\n",
      "2010 NFL Season - Ranked by [Idiff] -> Goal Differential [GD] \n",
      "\n",
      "                          Team   W    L    G   GF   GA    GD   Rwin GD_per  Iwin  Idiff  Delta  Idel\n",
      "              New York Yankees  95   67  162  858  696   162  0.586      1     2      0     -2    23\n",
      "                Tampa Bay Rays  96   66  162  810  648   162  0.593      1     1      0     -1    16\n",
      "         Philadelphia Phillies  97   65  162  777  648   129  0.599    0.8     0      2      2     2\n",
      "                Atlanta Braves  91   71  162  745  631   114  0.562    0.7     5      3     -2    23\n",
      "               Minnesota Twins  94   68  162  777  664   113   0.58    0.7     3      4      1     6\n",
      "          San Francisco Giants  92   70  162  696  583   113  0.568    0.7     4      4      0    11\n",
      "               Cincinnati Reds  91   71  162  793  680   113  0.562    0.7     5      4     -1    16\n",
      "                 Texas Rangers  90   72  162  793  680   113  0.556    0.7     7      4     -3    26\n",
      "              San Diego Padres  90   72  162  664  583    81  0.556    0.5     7      8      1     6\n",
      "           St. Louis Cardinals  86   76  162  729  648    81  0.531    0.5    11      8     -3    26\n",
      "              Colorado Rockies  83   79  162  777  712    65  0.512    0.4    13     10     -3    26\n",
      "                Boston Red Sox  89   73  162  810  745    65  0.549    0.4     9     10      1     6\n",
      "             Chicago White Sox  88   74  162  745  696    49  0.543    0.3    10     12      2     2\n",
      "             Oakland Athletics  81   81  162  664  631    33    0.5    0.2    14     13     -1    16\n",
      "             Toronto Blue Jays  85   77  162  761  729    32  0.525    0.2    12     14      2     2\n",
      "                Detroit Tigers  81   81  162  745  745     0    0.5      0    14     15      1     6\n",
      "               Florida Marlins  80   82  162  712  712     0  0.494      0    16     15     -1    16\n",
      "                 New York Mets  79   83  162  648  648     0  0.488      0    19     15     -4    29\n",
      " Los Angeles Angels of Anaheim  80   82  162  680  696   -16  0.494   -0.1    16     18      2     2\n",
      "           Los Angeles Dodgers  80   82  162  664  696   -32  0.494   -0.2    16     19      3     0\n",
      "             Milwaukee Brewers  77   85  162  745  810   -65  0.475   -0.4    20     20      0    11\n",
      "                  Chicago Cubs  75   87  162  680  761   -81  0.463   -0.5    22     21     -1    16\n",
      "             Cleveland Indians  69   93  162  648  745   -97  0.426   -0.6    23     22     -1    16\n",
      "          Washington Nationals  69   93  162  648  745   -97  0.426   -0.6    23     22     -1    16\n",
      "                Houston Astros  76   86  162  615  729  -114  0.469   -0.7    21     24      3     0\n",
      "          Arizona Diamondbacks  65   97  162  712  842  -130  0.401   -0.8    27     25     -2    23\n",
      "            Kansas City Royals  67   95  162  680  842  -162  0.414     -1    25     26      1     6\n",
      "             Baltimore Orioles  66   96  162  615  777  -162  0.407     -1    26     26      0    11\n",
      "              Seattle Mariners  61  101  162  518  696  -178  0.377   -1.1    28     28      0    11\n",
      "            Pittsburgh Pirates  57  105  162  583  858  -275  0.352   -1.7    29     29      0    11\n",
      "\n",
      "2010 NFL Season - Ranked by luck [Idel] -> Iwin-Idiff (Delta) \n",
      "\n",
      "                          Team   W    L    G   GF   GA    GD   Rwin GD_per  Iwin  Idiff  Delta  Idel\n",
      "                Houston Astros  76   86  162  615  729  -114  0.469   -0.7    21     24      3     0\n",
      "           Los Angeles Dodgers  80   82  162  664  696   -32  0.494   -0.2    16     19      3     0\n",
      "             Toronto Blue Jays  85   77  162  761  729    32  0.525    0.2    12     14      2     2\n",
      "         Philadelphia Phillies  97   65  162  777  648   129  0.599    0.8     0      2      2     2\n",
      " Los Angeles Angels of Anaheim  80   82  162  680  696   -16  0.494   -0.1    16     18      2     2\n",
      "             Chicago White Sox  88   74  162  745  696    49  0.543    0.3    10     12      2     2\n",
      "            Kansas City Royals  67   95  162  680  842  -162  0.414     -1    25     26      1     6\n",
      "               Minnesota Twins  94   68  162  777  664   113   0.58    0.7     3      4      1     6\n",
      "              San Diego Padres  90   72  162  664  583    81  0.556    0.5     7      8      1     6\n",
      "                Detroit Tigers  81   81  162  745  745     0    0.5      0    14     15      1     6\n",
      "                Boston Red Sox  89   73  162  810  745    65  0.549    0.4     9     10      1     6\n",
      "             Baltimore Orioles  66   96  162  615  777  -162  0.407     -1    26     26      0    11\n",
      "             Milwaukee Brewers  77   85  162  745  810   -65  0.475   -0.4    20     20      0    11\n",
      "              Seattle Mariners  61  101  162  518  696  -178  0.377   -1.1    28     28      0    11\n",
      "            Pittsburgh Pirates  57  105  162  583  858  -275  0.352   -1.7    29     29      0    11\n",
      "          San Francisco Giants  92   70  162  696  583   113  0.568    0.7     4      4      0    11\n",
      "               Florida Marlins  80   82  162  712  712     0  0.494      0    16     15     -1    16\n",
      "               Cincinnati Reds  91   71  162  793  680   113  0.562    0.7     5      4     -1    16\n",
      "                  Chicago Cubs  75   87  162  680  761   -81  0.463   -0.5    22     21     -1    16\n",
      "             Cleveland Indians  69   93  162  648  745   -97  0.426   -0.6    23     22     -1    16\n",
      "          Washington Nationals  69   93  162  648  745   -97  0.426   -0.6    23     22     -1    16\n",
      "                Tampa Bay Rays  96   66  162  810  648   162  0.593      1     1      0     -1    16\n",
      "             Oakland Athletics  81   81  162  664  631    33    0.5    0.2    14     13     -1    16\n",
      "          Arizona Diamondbacks  65   97  162  712  842  -130  0.401   -0.8    27     25     -2    23\n",
      "                Atlanta Braves  91   71  162  745  631   114  0.562    0.7     5      3     -2    23\n",
      "              New York Yankees  95   67  162  858  696   162  0.586      1     2      0     -2    23\n",
      "              Colorado Rockies  83   79  162  777  712    65  0.512    0.4    13     10     -3    26\n",
      "           St. Louis Cardinals  86   76  162  729  648    81  0.531    0.5    11      8     -3    26\n",
      "                 Texas Rangers  90   72  162  793  680   113  0.556    0.7     7      4     -3    26\n",
      "                 New York Mets  79   83  162  648  648     0  0.488      0    19     15     -4    29\n"
     ]
    }
   ],
   "source": [
    "year=2010\n",
    "teams = list(Teams(year))\n",
    "statd = {}\n",
    "    \n",
    "for i,team in enumerate(teams[0:len(teams)]):\n",
    "                    G = team.games\n",
    "                    GF = int(G*team.runs)\n",
    "                    GA = int(G*team.runs_against)\n",
    "                    statd[i] = {'Team' : team.name,\n",
    "                    'W' : team.wins,\n",
    "                    'L' : team.losses,\n",
    "                    'G' : G,\n",
    "                    'Rwin' : round(team.wins/G,3),\n",
    "                    'GF' : GF,\n",
    "                    'GA' : GA,\n",
    "                    'GD' : GF-GA,\n",
    "                    'GD_per' : round((GF-GA)/G,2)}\n",
    "                    \n",
    "df = pd.DataFrame(statd)\n",
    "df = df.transpose()\n",
    "\n",
    "x = list(df['Rwin'])\n",
    "seq = sorted(x,reverse=True)\n",
    "index = [seq.index(v) for v in x]\n",
    "df['Iwin'] =  index\n",
    "\n",
    "x = list(df['GD'])\n",
    "seq = sorted(x,reverse=True)\n",
    "index = [seq.index(v) for v in x]\n",
    "df['Igd'] =  index\n",
    "\n",
    "df['Delta'] = df['Igd']-df['Iwin']\n",
    "x = list(df['Delta'])\n",
    "seq = sorted(x,reverse=True)\n",
    "index = [seq.index(v) for v in x]\n",
    "df['Idel'] =  index\n",
    "\n",
    "df = df[['Team','W','L','G','GF','GA','GD','Rwin','GD_per','Iwin','Igd','Delta','Idel']]\n",
    "df = df.sort_values(['Rwin'],ascending = (False))\n",
    "print('%s MLB Season - Ranked by [Iwin] -> Ratio(Games Won:Total Games) [Rwin] \\n' % year)\n",
    "print(df.to_string(index=False))\n",
    "\n",
    "df = df[['Team','W','L','G','GF','GA','GD','Rwin','GD_per','Iwin','Igd','Delta','Idel']]\n",
    "df = df.sort_values('GD',ascending=False)\n",
    "print('\\n%s MLB Season - Ranked by [Igd] -> Goal Differential [GD] \\n' % year)\n",
    "print(df.to_string(index=False))\n",
    "\n",
    "df = df[['Team','W','L','G','GF','GA','GD','Rwin','GD_per','Iwin','Igd','Delta','Idel']]\n",
    "df = df.sort_values('Idel',ascending=True)\n",
    "print('\\n%s MLB Season - Ranked by luck [Idel] -> Iwin-Igd (Delta) \\n' % year)\n",
    "print(df.to_string(index=False))"
   ]
  }
 ],
 "metadata": {
  "kernelspec": {
   "display_name": "Python 3",
   "language": "python",
   "name": "python3"
  },
  "language_info": {
   "codemirror_mode": {
    "name": "ipython",
    "version": 3
   },
   "file_extension": ".py",
   "mimetype": "text/x-python",
   "name": "python",
   "nbconvert_exporter": "python",
   "pygments_lexer": "ipython3",
   "version": "3.8.3"
  }
 },
 "nbformat": 4,
 "nbformat_minor": 5
}
